1
11
15
17
18
20
21
28
29
30
32
35
36
38
39
41
43
47
48
49
52
55
60
63
65
66
68
69
74
76
78
81
82
85
89
96
98
100
103
106
108
109
110
122
124
127
130
133
135
137
140
143
144
147
148
149
150
155
157
159
163
164
165
166
168
172
175
179
180
181
184
187
190
199
204
207
208
209
210
213
215
216
219
221
222
223
229
230
232
234
236
237
239
241
244
250
251
253
254
262
263
264
266
267
270
274
276
277
282
285
286
287
288
289
293
298
299
300
301
302
303
304
307
309
312
314
316
317
319
321
322
323
330
334
338
339
340
342
346
347
348
350
351
352
353
354
355
357
358
359
360
363
367
368
370
375
377
378
380
381
383
386
388
389
390
391
394
395
401
403
412
414
418
421
423
424
426
427
428
429
430
436
437
438
442
447
448
450
451
453
454
455
457
458
460
464
466
470
471
472
477
479
481
483
485
492
494
495
498
500
503
504
506
507
508
509
510
515
517
524
525
526
528
529
531
532
547
548
550
551
555
560
561
562
567
568
569
579
583
584
586
589
590
591
595
597
599
600
603
604
608
612
615
616
617
618
620
621
623
626
632
635
637
638
639
643
645
646
647
648
650
652
653
654
659
660
664
665
667
668
672
674
675
676
677
680
681
682
683
684
685
686
687
688
693
694
695
698
701
702
703
706
709
711
712
713
716
717
718
722
724
726
727
729
730
731
734
735
737
739
742
753
755
757
763
764
767
770
772
779
780
783
791
793
795
799
807
809
810
811
812
816
820
823
824
832
834
835
836
839
840
842
843
845
848
855
857
862
863
870
874
876
879
881
882
886
890
891
893
894
900
904
907
908
917
919
923
926
928
932
935
937
941
942
944
947
949
952
953
957
962
965
966
970
972
973
976
979
980
983
987
989
990
991
992
996
998
1000
