4.0167
4.0449
-0.9747
3.8145
5.4499
-0.4400
-1.0832
-4.698e-02
4.3269
4.7805
4.6375
4.0063
-0.2484
4.4549
0.2957
4.3312
3.0223
1.1187
6.3840
-1.6678
0.1664
1.0397
0.3424
-0.2499
5.0826
3.3328
1.9391
-1.4899
-0.4503
-0.6671
0.2875
3.0382
4.7214
-1.1850
1.5614
0.3524
2.5877
4.8832
4.2432
8.919e-02
-1.3093
1.0597
-0.8766
6.3164
-0.8350
-0.1228
4.6287
4.2800
1.2914
-1.0364
-9.266e-02
2.6817
0.3135
5.2735
-0.3852
-0.6870
-0.1864
-0.4759
3.3400
1.4443
-1.2081
-0.6455
-0.3932
0.7936
4.2696
0.1244
3.5160
-1.3691
-0.6997
2.9805
0.4807
-1.7726
3.4817
3.6247
1.7489
3.7663
2.9347
-0.4948
2.0484
0.4099
-0.1710
2.9079
0.2453
3.3328
4.4004
1.6672
1.5604
4.4037
0.2639
4.9088
1.0940
0.6851
0.2864
3.8875
0.7102
-4.044e-02
-0.7259
0.3207
5.3479
-0.4480
4.0259
3.5551
-0.3751
1.9217
4.3262
3.5144
-0.2508
3.5335
5.0116
2.4599
0.8288
-1.3250
2.9956
0.2071
3.3444
4.9013
-0.3129
4.9784
3.8604
-0.2540
3.2671
3.2542
0.2845
-1.1476
4.3674
3.5172
4.7594
0.6951
-0.1245
5.1589
5.3878
3.7564
2.5079
0.2078
1.7916
3.2145
-1.1512
4.5471
-0.9522
-0.3144
4.0344
3.4742
-0.2163
1.7815
1.9968
2.2913
4.8026
4.3496
0.3005
3.2260
-0.4716
5.7269
3.5235
-0.2800
2.1901
0.9899
0.2030
0.2821
3.1782
0.3434
0.1037
0.7131
4.4394
3.8723
-0.8852
1.1317
0.8848
-0.3801
2.3966
-1.2964
4.7406
5.1182
5.1548
0.5821
-0.2572
4.1275
4.6061
5.0821
3.2923
-0.7571
4.0770
5.4480
0.5112
4.1513
3.7257
4.6249
-1.3157
0.1583
6.0404
0.3597
-1.5811
4.6283
2.4967
4.2648
1.9411
4.7896
0.4660
0.9645
6.1079
3.8599
-0.9083
-0.6940
5.0527
1.0360
3.1227
0.3094
4.8114
2.0957
3.9388
-0.9496
0.2454
-0.6925
0.3110
4.1772
2.6337
-2.2728
-1.5300
4.5546
-0.2440
-0.3181
0.7445
0.3859
-0.2152
4.6683
1.0235
3.8753
-0.6148
-0.8920
3.8617
-0.1629
-0.8161
0.7863
0.3128
3.1574
3.5973
0.4090
6.1904
0.5675
2.2994
-0.1020
4.9036
-0.8020
-0.2278
1.2151
2.5153
-1.9498
6.750e-02
2.9119
-2.4996
5.711e-02
0.5461
-1.5380
-1.1715
-0.7693
4.9994
-1.9646
2.1137
5.1290
5.1176
0.6066
3.8407
3.1069
-0.5709
2.7258
4.2634
3.4208
3.9701
-1.2535
2.4481
7.782e-02
8.006e-02
4.1026
1.0780
-0.6238
3.5973
1.0623
4.1297
2.8454
4.7318
4.4961
4.6975
-0.3263
-1.9043
-1.3548
-1.3042
-0.4287
3.7161
5.6834
-1.2099
4.3762
-0.4106
1.5420
4.9218
4.0897
3.9003
4.5277
3.2888
8.375e-03
5.3442
1.7988
3.1299
-0.5176
3.0812
-1.0564
3.9745
4.6839
0.6560
1.9997
4.3631
3.1482
-9.412e-02
0.6368
5.6578
1.0128
-0.2365
-0.6506
-1.5996
0.8330
0.3252
2.0475
-0.4918
0.7401
-0.4209
3.4796
0.8613
-0.3323
4.1679
4.9629
1.3343
4.0175
2.4297
3.6752
4.7060
4.4849
-1.8674
-0.5894
3.6883
-0.1690
4.2537
-0.4123
-1.9445
-0.2477
0.3707
3.3263
3.1510
-0.1284
-0.4828
-0.6426
0.2044
3.3104
8.092e-02
3.6607
4.7807
3.6729
-1.7279
5.4009
3.2016
0.6527
-6.440e-02
0.5173
4.0490
4.9141
-0.1319
-0.8822
-1.8221
2.8155
-0.3491
-0.9427
3.7435
0.2464
-8.372e-02
4.2611
0.3749
4.3839
1.4095
4.3990
3.8522
0.5752
1.4505
4.8507
4.7440
3.7614
-5.870e-02
-4.742e-02
-1.7352
-1.0912
0.2963
1.5520
5.2379
4.9491
-2.1444
-0.1453
-0.9913
-0.4102
1.2730
6.6508
1.5045
1.5939
-0.2981
3.4649
0.2022
2.7924
0.8647
4.151e-02
5.2177
2.6452
4.6149
3.4967
0.2052
3.1578
4.4046
4.1170
-1.2082
-1.4694
-1.5203
1.5683
0.3530
3.3199
-1.3417
8.759e-02
4.8696
3.2130
3.6345
-1.6660
3.710e-02
3.7102
-2.7661
2.3196
5.8183
3.3836
0.2064
5.1814
3.9225
5.9158
3.9279
3.8519
3.5673
3.0926
1.5177
-0.5597
0.3069
-1.3564
0.1081
0.3968
4.5541
-0.5382
1.2884
3.6850
-1.4656
0.5135
0.3017
5.2124
2.1108
-1.7790
-1.3208
4.0256
2.4955
-1.0376
-1.7463
2.8695
3.5868
5.0940
-0.5485
4.8873
3.7429
0.1555
4.4735
1.4485
-0.7344
6.0069
3.8484
-0.3809
1.4215
0.1205
-0.3984
5.5529
-1.0342
4.5234
4.8991
-0.1439
4.2606
4.8015
5.1968
0.5185
4.6738
-0.2207
-1.6488
-0.6410
3.5783
-0.7771
5.1680
0.1702
3.9253
-1.9719
6.1171
3.5150
4.2960
2.7728
5.2224
4.4535
2.0523
-0.4634
3.4678
0.1394
3.6739
5.6312
-0.2131
4.3528
0.5351
5.0430
0.4246
3.1293
3.0606
-0.3340
2.4075
2.3960
2.9180
2.7109
3.1445
1.6242
3.3239
0.8136
5.8189
0.4161
-1.4987
3.9844
5.1362
0.4600
3.2132
2.5660
3.3932
2.3709
-0.5986
4.9329
-0.6580
9.051e-02
3.6540
0.6466
3.7576
-0.4048
0.3312
4.1513
0.8841
2.1649
3.9562
1.1238
4.2875
2.5213
3.5168
-0.2092
4.2269
-0.4417
1.1064
1.6249
1.5166
3.2483
2.8563
5.6383
4.8699
-1.9543
0.9331
4.3580
3.2520
0.2592
2.9125
1.0532
3.6412
0.5776
2.0462
5.4778
4.4417
1.0951
-0.2041
3.6982
1.7348
4.5062
-0.1800
1.3301
0.7165
-1.0700
-0.1143
4.5697
3.8210
-1.6358
3.4569
4.8852
1.8543
3.0311
3.7032
3.5383
0.9647
1.1909
3.7019
1.8655
-0.6378
3.8946
0.3409
1.7257
-0.4207
-0.2589
4.6687
4.3496
4.0444
-0.4885
-2.8104
2.3150
-6.629e-02
0.3626
5.1826
1.7630
-0.8252
3.3823
-1.4586
2.6888
0.2877
3.0290
1.2801
-0.7203
4.3694
-0.3262
3.9417
3.0211
-1.8104
0.4659
0.1696
4.5456
0.7865
0.6206
3.3464
3.7899
0.5969
7.025e-02
2.7391
-0.3174
2.9158
3.3440
3.6663
0.4485
3.8081
-0.7813
-0.5160
4.9421
-0.4240
0.9345
-0.2671
5.7861
4.0008
-1.8701
2.8732
4.1326
3.2067
-3.983e-02
-0.1777
-0.9256
1.5636
2.1474
4.2255
-0.8545
1.6836
0.3189
1.0991
5.3420
-0.6988
-0.5994
-0.4455
4.9419
1.5729
0.3158
4.8428
3.2843
-0.7581
2.4443
4.1966
0.3750
0.5231
-0.4181
-1.0731
4.5785
4.5090
2.2503
5.944e-02
-1.7230
0.7652
-0.1766
4.8192
-0.8153
3.2709
2.4420
4.9797
-2.2858
5.2277
-1.1412
0.3042
2.0143
-0.6493
0.3027
4.1728
-0.7816
2.2040
2.6756
1.8666
2.6233
-0.3058
-0.7320
5.4272
4.4640
-0.9254
4.5400
4.2915
-6.422e-02
4.3600
-3.042e-02
1.3965
-0.1788
3.4552
0.4863
3.0404
3.3322
3.3158
0.6199
4.6682
1.7419
2.9738
5.0969
3.7883
0.3068
4.9203
4.0402
5.3979
5.2678
3.0868
4.7910
5.6793
2.3462
4.5333
1.7975
4.2451
5.0250
4.1703
3.6291
-0.5533
-2.6045
5.1702
-8.520e-02
3.6803
-1.3010
1.1858
4.2647
0.3414
2.6878
0.7792
5.5744
1.2014
0.6666
4.4321
2.7072
4.8994
-0.7845
1.9113
3.5695
3.0852
3.7881
2.9416
-0.7123
-0.3356
2.8767
0.3244
0.4749
-1.2617
4.5543
2.8306
4.4032
0.1203
0.3959
-1.5335
-0.1080
3.4187
3.991e-02
-0.2846
3.6557
7.442e-02
2.2513
3.9412
3.7124
0.4486
3.9143
4.4820
3.7449
0.3477
0.7207
0.5966
4.0690
0.1854
0.1685
3.0604
-1.6909
0.4453
-0.3546
-0.4884
-0.4084
4.3262
0.1296
4.0274
-0.9389
4.8874
-1.4531
2.1533
0.1338
3.8231
0.2281
0.5750
0.6476
4.5156
2.3488
-1.7685
-1.7637
-0.6557
3.2294
-0.3642
1.0742
4.0588
2.7256
3.8888
3.9048
0.8076
5.8655
0.7069
1.2667
3.3805
3.5825
-1.0654
2.6359
-0.7767
0.9192
5.1085
4.1018
0.7249
3.5490
5.3503
3.8949
-0.9127
0.2804
-1.4251
0.2928
2.7250
0.1311
3.6904
1.7005
3.5024
-1.5780
-0.1948
0.2129
-1.1407
4.1266
-0.2376
2.6524
6.544e-02
1.4331
3.9667
0.2412
4.3137
1.0701
-0.3723
0.9141
0.8998
4.1712
-5.459e-02
2.0367
4.1813
2.5673
3.1366
6.2691
3.6427
0.2060
-1.0169
-1.1011
-1.8541
-0.1251
1.6069
0.4026
4.9207
5.1991
-0.3662
5.4945
0.1451
0.7735
0.7038
2.3646
2.4891
4.6728
0.3123
0.8830
-1.5187
0.2264
-0.9682
1.3286
1.5389
4.2572
0.7202
0.2647
2.7451
-0.5209
4.3444
-2.2875
1.1455
1.7058
-1.5322
2.1006
3.3593
0.6118
5.6022
1.1098
3.9431
2.6297
-0.4514
-0.5737
0.7903
-8.359e-02
5.3984
-1.0789
4.8896
4.6520
2.8854
-1.2928
1.7421
-0.2256
3.5296
1.4156
4.445e-02
0.2357
4.9355
4.4042
4.3329
-1.1143
0.2448
0.7442
0.1909
4.0448
4.1341
4.5932
1.0105
-0.6540
-0.1658
-1.4562
-8.699e-02
5.1546
-0.2560
2.2531
6.417e-02
-1.1427
0.1728
5.3919
1.8310
3.1639
-0.4754
-1.3686
-8.988e-02
-1.1541
4.2388
3.1890
-1.1738
3.7272
0.7007
3.2974
3.7112
4.2513
0.7798
0.9167
-0.5276
5.1765
1.2126
-0.1813
3.2847
0.8317
4.4484
0.5801
1.2907
5.3355
3.0959
-1.5055
1.7244
2.6126
4.1483
1.3264
-0.7532
-0.5380
3.0840
5.4063
1.4548
5.3852
0.6048
5.5511
1.1700
3.8368
-1.1314
-0.2532
3.9821
1.1942
0.3508
3.1100
