-1.6760
2.5226
-0.6824
-0.5384
-0.9896
0.8545
0.2260
1.2049
-2.1702
-0.6770
-0.8371
0.7313
-2.459e-02
-0.4765
-0.1342
0.4148
-1.8836
-0.3981
-4.687e-02
0.2788
0.5939
0.1679
-1.0307
-0.2547
-0.8872
-0.5075
0.5526
-1.1028
0.6763
0.2668
0.9474
-0.8688
2.5908
-0.1792
-1.0555
-0.2805
3.4875
-1.1816
-2.1940
0.4043
0.2352
2.0887
0.2195
0.6270
0.3140
1.4504
-0.9003
1.2159
1.0040
0.3895
0.2610
-0.9585
0.5543
-1.3155
0.2736
-1.0079
0.7184
-1.1935
1.2794
1.5008
-0.7777
-0.5464
0.4624
1.6306
-0.1240
-1.1441
0.8959
-0.2744
-0.6911
1.1267
-0.5158
-0.5715
-0.8269
-1.7018
-0.3384
-1.5025
-0.2050
1.3601
-0.4332
-0.4571
0.4444
0.5800
-1.4238
-1.7134
-0.2902
2.6766
0.1683
-0.4668
-0.9968
1.1465
0.1874
0.1797
-0.4068
-0.3751
1.3713
-1.5343
-6.783e-02
-0.2397
1.9749
0.1541
0.8278
-0.8514
-0.5277
-0.5004
-0.5373
-0.1565
-0.4517
1.1186
-0.6898
0.6786
-0.9414
0.6814
-0.3432
0.8998
1.1230
0.7340
0.5968
1.6168
-1.6610
-2.1468
1.1586
2.0278
0.4389
-1.1424
-1.0802
0.6180
2.479e-02
-1.6407
0.7696
-0.6557
-6.383e-03
0.4346
-2.0350
1.9010
-0.5130
1.0679
-1.9862
1.0118
1.7744
1.5420
-5.841e-02
-0.5682
0.1016
-0.3691
8.230e-02
-0.1307
-0.3240
-2.0295
0.2862
-0.6074
8.717e-02
2.0628
-0.4714
0.2416
-1.7527
0.9795
1.2220
-0.1788
-0.6079
-0.3366
-0.8063
-0.2617
0.1739
-7.665e-02
1.7284
-1.0735
-0.9080
-1.2691
-0.1405
-0.9460
-0.2363
0.6900
-8.670e-02
-0.6000
0.2727
-0.5002
0.1789
-0.5074
1.5660
0.9539
-1.4071
0.1027
-0.3973
-0.1734
0.1524
0.2322
-0.3129
1.3857
1.4870
-1.5644
-0.4129
-0.2461
1.3968
-0.3033
0.2192
-1.5648
0.1032
0.9516
0.5993
0.2350
-1.5624
0.4722
0.1075
0.2085
-0.2565
-1.6270
-0.8865
-0.7674
-0.7312
0.5570
0.6374
0.6159
-1.7749
0.8285
-0.2400
-1.9395
1.1365
-0.2612
-0.1885
1.5659
-0.4329
0.2315
-0.5460
1.0665
2.0888
0.3568
0.3571
-0.5794
-0.2084
-0.7714
0.4814
6.893e-02
0.6373
0.5001
-9.064e-02
0.2860
1.6509
-1.1274
1.1804
-0.1576
-1.0000
1.3954
0.1021
8.971e-02
-4.857e-02
0.5724
0.2313
1.3816
0.6613
-0.7090
-2.0729
3.957e-02
-0.3088
-0.7234
-0.2516
1.7804
-1.3428
-0.2842
-1.1561
0.5338
0.4512
0.1810
-0.3073
-1.8649
-1.1913
-1.4607
-6.433e-02
5.702e-02
-1.1856
1.0463
0.1892
-0.6133
0.3693
-1.4325
-0.1343
-1.5495
-1.2009
0.9998
0.6939
-0.4044
5.279e-02
0.9207
-1.0409
-0.4725
-0.3060
-7.533e-02
-1.5103
-1.6833
1.7601
0.2638
-0.3510
0.4372
1.0114
0.5157
-0.3241
0.6984
0.8769
-1.0278
-0.3668
-0.3371
-0.6885
-2.8750
0.9494
-0.3881
1.4290
-0.7489
-0.2575
0.4287
0.5507
-0.7791
1.4768
-2.0631
-0.7550
-0.4734
0.4982
-0.1321
-0.5002
-0.8673
-1.4222
-0.5597
-6.668e-02
-0.1221
-0.6728
0.1231
0.3514
-0.1358
0.2383
1.3595
0.9754
-1.1635
-0.2245
-0.1748
1.2014
1.2063
0.4172
1.1481
0.5767
8.875e-02
-0.8069
-0.6551
1.6695
-0.4000
6.179e-02
1.8116
2.3797
-1.2211
-0.3676
-2.6156
1.9387
-1.7149
0.3633
-0.5708
-1.5057
-0.4706
-1.9062
-1.4859
-1.7166
1.1620
-2.1064
-0.3764
-1.0800
-0.2659
-0.9014
1.3536
-9.863e-03
-0.3373
0.9850
-0.9112
-0.2412
-1.4954
1.9197
-0.7642
1.1271
0.1820
-0.6519
-1.1079
-0.8956
0.4535
0.1328
0.3182
0.5188
0.9035
-2.1979
0.4352
0.5684
-0.2094
0.5465
-1.6969
-0.7663
1.0162
-0.6476
4.976e-03
-0.8492
0.8555
5.936e-02
0.8566
-0.9855
0.5531
-0.4385
-0.5788
-1.4312
-0.6489
-2.1002
0.2065
1.0231
0.7405
-0.1128
4.940e-02
-0.4434
0.1087
0.9537
-1.2255
0.7067
0.4219
-0.2606
0.5878
-1.4322
0.3697
0.7825
1.2236
-4.617e-02
1.2299
-0.6633
-1.7524
0.7974
0.3380
-0.1329
-1.1062
-6.069e-02
-2.936e-02
-0.7058
-0.1887
0.3783
0.4424
0.1347
-1.0369
-2.3578
1.7872
-0.2978
-0.3990
7.427e-02
-7.975e-02
1.3125
0.9649
0.5353
-0.5304
-3.182e-02
-1.5910
4.880e-03
-2.3638
1.850e-02
0.6696
-1.4584
0.5010
-8.929e-02
-0.2483
-1.4987
-2.0206
0.4933
-2.0204
0.1347
1.6115
-0.5247
-2.0354
0.8324
-0.4929
-9.538e-02
1.2620
-0.4913
-1.0990
-5.090e-02
-1.2688
-3.980e-02
0.1556
-0.2537
0.9639
-0.9622
-1.3714
7.980e-02
8.847e-02
-6.240e-02
-0.1041
-1.2194
2.3423
1.0041
9.169e-02
-1.7053
-0.9010
-0.6979
0.9648
0.3974
-0.5865
0.4701
-5.957e-02
-2.2628
-1.0523
0.5055
1.3325
-2.106e-02
-0.1643
0.6012
1.1167
-1.9359
-7.682e-02
1.9853
0.5839
0.1772
-1.0249
-0.7912
0.3709
0.2664
0.6572
-0.1243
0.3052
-9.364e-02
-0.1950
-1.1159
1.0555
2.277e-02
0.9153
-4.174e-02
0.6626
0.7071
-0.8280
1.7187
-1.3195
0.5769
-0.6784
7.482e-02
0.9798
1.1022
0.1590
-0.3083
1.809e-02
-0.4634
2.0057
0.1090
1.5277
0.8710
-1.4918
0.8178
0.4914
1.5712
-0.2913
0.7968
-0.5772
-0.9243
-1.3608
-0.8712
-0.7074
-9.255e-02
0.5308
-1.661e-02
-0.5964
-0.7300
-1.3256
-0.2435
0.3557
-0.1874
-1.1941
0.2312
0.7722
0.2392
-0.2629
1.8746
-0.5520
-2.6102
1.0746
-1.1067
0.2857
0.2544
0.6809
-0.5847
-3.670e-02
-1.2055
-0.3799
1.4134
-0.5588
0.5350
-1.0085
-0.4213
-0.9976
-0.9273
0.7349
-2.2541
-1.1384
2.1245
1.0166
7.412e-02
-0.6876
0.5305
-0.8306
0.5163
4.119e-02
-1.3331
1.0640
-0.2003
-0.2270
-0.4882
0.9963
-0.4689
-0.1231
-0.7260
-1.0079
2.1281
-0.9036
2.3493
-0.7316
0.5015
-0.2291
2.5092
-1.1356
-0.8436
-1.3919
1.1629
-1.4068
0.4920
-0.8463
-0.6651
-1.6590
-0.5591
-0.5692
-0.4868
1.0703
1.7067
1.1452
0.7658
-0.6438
-0.7408
-1.235e-02
0.4451
0.4928
-0.1693
-1.2470
-1.920e-03
0.7858
-0.5961
-2.334e-02
0.8818
0.9309
1.2160
1.3797
1.2633
0.6018
0.5159
-1.1472
-0.7427
-1.4919
7.193e-02
-0.2081
1.0636
-0.1157
-0.1354
0.2724
0.6144
6.325e-02
0.2080
0.1240
-1.4556
-1.4665
0.8410
-1.876e-02
-0.8741
-2.4950
-2.6484
0.4619
-1.6473
0.2808
-1.2684
-0.2090
-0.1717
-0.2513
-1.5048
0.7935
-0.1482
0.5217
0.7312
-1.2677
-0.1540
0.7048
-1.1062
-0.4956
-6.111e-02
-0.9766
-1.550e-02
-0.4913
-0.1233
0.3628
-0.3078
1.5430
-0.4102
-2.1213
0.4451
0.2438
0.5857
0.3302
-1.2093
-0.1738
2.4034
0.8240
-0.5593
-1.4219
0.5924
0.6465
-1.0215
0.4382
-0.2962
-0.1561
-5.358e-02
2.9701
-0.4792
0.8359
7.576e-02
1.6614
4.879e-02
0.2177
-0.9272
4.419e-02
-1.5832
-0.2195
-0.5565
-0.1184
-0.2683
-1.4183
0.8506
-0.8738
-1.7983
0.1565
-0.6728
-7.789e-02
-9.786e-02
-1.5157
-0.8847
0.1127
-0.1955
2.5887
-0.2026
0.1525
-1.0859
2.0197
5.962e-02
-0.5902
1.1737
1.6806
0.5950
-1.8032
0.5109
1.1898
1.0975
0.7238
-0.6450
-0.6239
-1.3668
0.7097
-1.9405
0.3568
-1.0026
-0.3651
4.806e-02
1.278e-02
0.1590
-0.7398
0.9706
-1.2238
0.8650
-0.1580
-1.1924
1.885e-02
-0.3565
0.1765
0.9229
0.5873
0.4809
2.6174
-0.7975
1.4450
0.8201
-0.6446
9.380e-02
-0.4897
-1.1088
2.4900
0.1723
-0.4548
0.4152
0.9765
-0.8348
-0.4295
-8.787e-02
-0.5165
-1.5315
2.1497
2.8236
1.1505
-1.3587
-0.8953
-0.6030
0.6403
0.6215
0.1340
0.1515
1.6959
0.7846
-0.4267
0.7657
0.6525
-1.4122
-1.6606
0.3077
0.3917
0.5959
-5.589e-02
0.6894
0.1653
-0.2053
-0.4494
0.8052
-0.1173
-0.6960
-0.2735
-1.3139
2.7452
-0.7898
-1.4703
1.0656
5.257e-02
-0.1840
9.965e-02
0.2403
0.2684
-7.053e-02
-1.5392
-0.9417
-0.8195
-0.4922
0.2693
-9.557e-02
-1.3756
-1.0793
-0.4502
0.1047
0.2537
0.8132
1.0929
1.9673
0.1096
0.4051
-1.1609
0.4343
0.6615
-0.1772
1.2701
0.6581
1.6744
-0.9159
0.3621
0.3742
0.8415
1.2543
1.5279
0.6266
1.0941
1.3418
1.0035
-0.9909
-2.1452
0.1529
0.9387
-1.3811
0.3428
1.2150
-0.2313
0.5558
-2.6004
-0.9254
0.3970
0.2501
1.9971
-0.2034
-1.3491
-1.8273
-2.4672
0.7089
-0.1101
-1.0362
0.4024
-0.7404
0.1870
1.7685
0.8972
-1.0391
0.2416
0.3051
1.0537
0.2596
1.3282
-1.3310
-1.9291
1.2112
-0.4264
0.2608
0.9836
-0.2224
-0.2785
0.7103
2.0126
-0.4616
-0.3035
-0.3173
-1.7176
1.0406
0.1062
1.4957
0.2328
-3.500e-02
0.8764
1.0611
0.7501
0.2352
1.6828
0.8860
0.7583
0.8362
-0.4073
-0.4086
-1.1357
-2.1853
-6.787e-02
-0.3466
1.3049
1.0076
-0.7690
-1.3691
1.2589
-0.2275
-0.2815
-0.9880
0.5644
-2.430e-02
-9.712e-03
0.6104
0.6966
0.3114
-0.3649
0.4816
0.3236
-0.2074
0.1179
-0.8157
-8.961e-02
0.8073
-0.1381
0.3948
-0.1447
-0.9595
0.7792
1.8532
1.1215
-0.4603
1.0615
1.8301
0.3912
5.509e-02
1.7144
0.6885
-0.4354
0.1329
1.1179
0.7212
6.977e-02
0.1816
0.4327
-0.8137
0.1262
0.4712
-0.8451
-0.7325
1.0418
0.5314
-1.3495
-1.3850
0.2664
1.8188
-1.9123
-0.6166
-0.8330
-1.2960
0.1141
-4.259e-02
-0.4961
0.4921
0.2987
0.1571
1.1998
-0.1047
-1.5549
1.4497
0.3345
1.4508
-0.1346
