-1.4514
-1.2625
-0.2527
1.2674
1.4105
-0.6206
-0.2376
-0.9687
-0.2869
-0.9273
0.4001
-2.616e-02
1.3835
-1.6579
-0.3667
2.7868
0.6582
-1.2737
-1.2422
0.3506
-0.5577
-0.1104
0.2144
-0.6484
-0.1779
0.2133
1.3763
0.9378
-0.1573
-0.5489
0.4600
0.3189
1.5782
0.8205
0.5018
-0.7489
0.5912
-1.9278
5.358e-02
-0.5910
-0.2054
-0.3905
1.1215
-0.7282
-0.3077
-2.5774
-0.9264
1.6767
-0.3281
-0.5940
-1.2931
1.1051
-0.9480
-0.4945
-4.592e-02
-0.6167
-0.6535
0.2607
-0.2432
0.1801
-1.0107
-0.9204
-1.5098
-2.1665
-0.1479
-1.5011
-0.6906
0.5243
-0.1564
0.3373
-2.1445
-0.2816
-0.6577
2.1826
0.4553
1.4019
-0.8125
0.9843
-0.4047
0.2590
0.5357
-0.5434
-0.1646
0.8258
-0.3337
0.3980
1.3398
1.1026
0.6964
1.2773
-0.5682
0.6370
1.5143
3.2100
1.5141
0.5198
-0.2839
-0.5899
1.2789
0.8781
2.712e-02
-0.3132
-1.0848
1.7754
0.6786
-0.7201
0.4227
-0.3934
-0.1913
0.1634
0.7979
-0.3732
1.8997
0.5867
1.0534
2.0652
0.7129
0.9018
-0.4020
-1.4800
-0.5489
-0.8939
1.2005
0.4025
-0.3470
0.5819
7.813e-02
0.8537
0.3077
1.4623
-1.1352
-0.3533
-0.4464
0.5326
0.2523
0.8549
-1.7095
1.4784
-1.3634
0.3737
1.3574
0.7753
1.1595
0.4836
0.2297
-0.6685
9.217e-03
-0.3550
-0.1034
-0.9254
0.2092
-0.5042
0.4274
0.9215
-0.4008
1.5137
2.887e-02
-1.6304
1.0118
-0.6245
1.0502
-0.1629
-1.4414
-1.6269
-2.7318
-1.4026
-1.1587
-2.0171
1.8983
-1.7423
1.0287
-0.1591
0.5461
1.4211
-8.194e-02
-0.1654
0.1263
-0.2735
0.3836
-0.8761
0.3833
-0.4048
-1.5028
1.4453
-0.1356
-1.6604
2.2569
0.2821
-0.2028
-0.6042
4.000e-02
1.5135
-0.2777
-0.8251
0.6090
2.0824
-1.1512
-0.3264
0.7849
-1.5538
-1.3409
0.7559
0.8719
1.0893
-0.9421
2.389e-02
0.9187
-4.973e-02
-0.9485
-0.2958
0.5922
-0.8111
-1.3510
-0.7635
1.5036
0.8723
-1.1850
2.0339
6.648e-02
0.6686
-0.2055
0.7696
0.3058
-1.4430
-0.4761
-0.9810
0.1804
2.5530
1.3104
0.3790
2.8812
-0.2982
-1.2689
1.1802
0.3040
0.9734
-0.3684
0.7583
-6.847e-02
2.0742
0.1112
-0.3996
4.564e-02
-0.1917
0.3714
0.1377
0.6378
1.548e-02
0.6418
-0.3529
1.5894
-0.9887
1.0112
-5.643e-02
0.4001
-4.413e-02
0.2286
-1.6226
-0.9654
-0.1908
-0.1555
-4.991e-02
-2.7202
1.0452
0.9117
2.0224
-0.8943
2.368e-02
-2.829e-02
-6.483e-02
-1.0447
1.2323
0.3703
-1.4219
-1.2879
0.2022
0.4297
-0.9119
0.5242
0.4035
-0.9549
-0.2782
0.1254
-1.1050
1.9008
0.8349
-3.877e-02
-0.9422
-0.8905
4.381e-03
-1.0414
0.4769
-0.6269
-0.4068
-1.1955
-0.2274
-0.5675
-0.9267
1.3179
1.5212
0.2230
-0.1799
1.6883
0.1425
-1.3170
0.4421
-1.2347
-1.0033
2.5249
1.1898
-0.2667
-1.4796
-0.5746
-0.9955
-2.8371
-0.3121
1.1884
0.2469
-1.1496
0.4512
0.1679
-0.3683
1.3088
0.2241
-1.0188
0.1621
-0.5477
-0.2203
-1.0431
-0.4009
0.4200
-0.9167
0.7174
-1.0740
0.3926
-0.8109
-0.2881
1.4865
0.5349
1.044e-03
-0.6253
0.7912
0.7250
0.9937
-0.6401
2.702e-02
-0.5008
-0.9759
-0.7512
-0.1681
-1.881e-03
-1.6064
0.4657
-0.5746
-2.2255
-0.8221
-0.1600
-0.6199
0.3173
1.1735
0.9803
0.4500
0.4153
1.2637
-0.1024
0.1074
0.5458
-1.3561
0.9934
-0.2297
-9.149e-02
0.2129
1.6918
-0.3814
4.262e-02
-0.7150
1.6021
1.4209
-8.959e-02
-1.0293
0.6218
-0.4687
-0.7528
-0.9288
1.2397
1.0406
-1.0164
-1.0270
1.683e-03
-1.1026
0.5519
5.471e-02
-0.4795
0.9491
0.4036
0.1190
1.1882
-0.5833
2.2118
0.3046
0.4356
-0.4718
1.7987
-1.6775
0.8181
2.2085
-0.5564
0.8512
-3.061e-02
-1.1295
-0.7277
-0.8714
-0.1438
-0.3654
1.2433
0.7663
0.6239
0.3347
-1.1765
0.9956
-0.2583
0.3185
-0.2642
0.1841
-0.3820
0.7050
0.3356
0.3506
-2.252e-02
-1.0203
1.2451
-1.2399
-0.5031
-2.3105
-0.6440
0.4376
0.5411
-1.4107
-1.0918
1.0081
0.3038
-1.2416
-0.2641
1.0110
1.1577
-9.711e-02
-0.2843
0.7224
1.0555
0.4439
1.1711
0.6742
-0.1465
-1.7325
0.4009
-0.5233
0.2651
0.9661
-0.2176
-0.4556
-1.6108
-0.3777
0.2881
0.3220
0.7531
1.1120
-0.6217
-2.1290
-0.3772
0.1482
-1.0453
1.1451
0.2092
1.4208
0.6733
0.1095
-0.6975
-0.5942
2.0181
-0.7374
1.9722
-0.3705
-1.3786
-0.9851
-7.801e-02
-0.1207
-1.1062
1.1967
-2.5250
-1.3227
0.5946
1.9463
-8.054e-02
1.0136
1.9077
0.2200
0.9806
2.0371
-0.2407
0.9851
-0.1308
0.3436
1.0225
-1.2172
-1.4740
0.7008
1.0903
-0.1202
1.2036
5.536e-02
0.9094
6.061e-02
0.3171
-0.2369
-0.6800
-0.9335
0.4805
0.2766
1.9246
-0.5007
-0.3064
-1.0828
-0.2836
-0.7033
0.2983
0.6901
0.2109
-0.3952
-0.4855
-5.702e-02
-1.0043
-1.3231
0.2231
0.3461
1.2229
0.8688
-0.5548
1.6954
0.7713
-0.3837
0.1002
1.2900
0.2245
-0.1687
-1.0330
-0.9785
-1.5290
1.2569
-7.781e-02
-0.3378
4.691e-02
-1.0192
-0.6079
-0.3226
-0.1872
-0.2024
1.7228
0.1107
-0.2887
1.4080
0.6423
-0.8333
1.8904
-0.3520
-0.7636
0.5613
-0.1424
-0.9357
-0.5587
-0.4853
-0.8413
5.192e-02
1.2646
-0.1015
0.7188
-2.0219
0.9647
1.7562
0.7157
1.2784
1.2244
-0.4903
-0.8028
-0.9068
-0.1749
1.0746
-0.3357
-1.8953
-0.5447
-8.119e-02
-0.9235
1.6262
1.6501
0.4899
-0.4603
0.2591
-1.3340
0.9051
-0.9530
1.1001
0.2708
-0.8348
-0.8699
-1.2949
0.1968
0.1422
-0.9638
-0.3630
0.3884
1.5460
-0.2772
1.3597
0.3628
-2.0519
1.4182
1.5386
-0.4346
-0.6750
1.4635
0.4173
1.0128
-0.2868
-0.6061
-0.7169
1.1559
-0.4242
0.1174
0.8328
0.6153
2.7510
-0.3662
-0.7813
0.7505
0.1239
-0.9073
9.044e-02
-0.3903
-0.4352
-2.3929
-1.4143
-0.6607
-0.9695
0.7044
1.5227
1.3365
-0.6597
-0.8443
0.1626
1.2470
0.7351
-5.007e-02
-1.7616
-1.4774
0.2270
-2.0824
0.5695
1.6029
-1.0457
-1.6415
0.7883
0.4686
-0.1026
1.6139
2.0376
0.3329
1.0112
1.1597
0.6545
-0.2586
-6.320e-02
-0.3626
-1.0632
-0.4285
-0.7070
0.4988
-2.2697
0.9876
-0.9827
0.3202
-1.5645
0.2345
0.3701
1.4118
-0.3869
-0.2467
-0.4946
-5.330e-02
-1.2008
-0.1017
-0.5121
0.9466
9.002e-03
0.2282
0.5223
-1.2937
0.4629
7.867e-02
0.7930
0.9647
0.1639
-1.0901
-0.1768
9.118e-02
0.1162
-1.7558
1.0010
-1.4163
1.0408
1.2209
-1.1812
-0.1627
-1.9046
-0.6031
-0.5907
-0.2964
-0.6838
-0.3200
6.589e-02
0.9556
-0.7712
1.1137
-1.0349
-1.3363
0.4296
0.8458
-0.3490
-3.875e-02
1.514e-02
-1.3381
-0.6193
-1.7001
0.3742
-0.8022
-0.2755
-0.9885
-0.6525
2.4672
1.1407
-0.6821
-1.5901
1.4378
-2.2613
0.8986
0.2898
0.4408
2.1449
0.2873
-0.1863
0.3660
0.3685
-0.1166
1.1117
0.1306
1.9163
-0.6896
0.7604
-0.8591
-0.8317
0.3921
-0.6297
-0.3174
0.3155
-9.761e-02
-2.3110
0.9125
0.1091
-2.0100
-0.7102
-0.7721
1.495e-02
0.5142
0.7030
-0.8590
0.1554
1.9470
0.6492
-0.2493
-1.2790
-1.1376
0.8278
0.5498
2.652e-03
0.3942
0.1753
0.2572
-0.7797
8.401e-02
-1.0728
-0.3830
2.0212
-1.1709
-0.4969
-1.4861
0.2191
0.5242
-0.5031
0.2802
0.3987
1.3387
0.9672
1.1071
-0.1554
-2.409e-02
0.6069
0.8240
-3.0494
-0.7433
1.1315
-0.7352
-0.4284
-0.1717
-0.3121
-1.3076
5.277e-02
-0.1896
5.680e-02
-0.6093
-0.5421
-0.1257
-2.516e-02
0.5243
0.6610
2.3943
0.7500
1.0872
-0.9995
-1.2560
0.2960
1.2067
0.7678
0.1728
1.5251
-0.3773
-0.5217
1.1912
-0.4848
-0.1309
-0.7424
-1.1862
-2.2101
0.3006
7.989e-02
-0.3008
-0.5104
-0.9058
-0.7041
7.202e-03
0.4431
2.893e-02
1.3333
-0.8159
1.6950
-0.3492
-1.1311
-0.2097
0.5855
-0.7339
0.9634
0.4128
1.7617
-0.1631
0.1386
0.1283
-0.4608
-1.0183
0.4933
1.5886
9.804e-02
-1.4402
-1.497e-02
-1.9943
0.6099
-0.5616
-1.6465
1.5609
-0.8118
-1.503e-02
0.1578
1.0581
0.4107
0.8319
0.3419
2.546e-02
-0.4765
1.0692
1.1247
1.0697
1.1354
0.3887
-3.936e-02
1.8261
-1.1979
7.796e-02
0.4743
-1.1589
0.7714
-0.8506
1.5826
1.9015
0.7318
1.4687
-0.9218
0.6706
1.6848
-1.3614
-0.3766
-0.2487
-0.6263
-0.4288
0.2917
0.2704
1.3758
-2.1381
2.0760
-1.1518
0.8138
0.2857
0.9208
1.5707
0.6118
1.3252
-0.4927
-1.2048
-5.538e-02
0.8773
0.7636
-1.2028
8.160e-02
-0.4092
-1.1470
0.4265
-4.359e-02
-0.1085
-1.5474
-0.2893
-0.2058
-8.340e-02
0.1804
-1.7946
-0.1041
-0.5102
-1.3924
-0.5230
-0.8887
0.5530
-7.368e-03
-1.6876
-1.0645
-1.0971
-1.5474
-1.3696
-1.2550
0.5012
0.5709
0.1658
0.8129
0.4995
0.2233
-0.4252
-0.3280
1.7573
-1.1512
1.1911
1.0328
-0.4250
1.4052
-1.055e-02
1.3534
-0.4023
-0.7294
-0.5783
-0.2605
-1.8862
-0.8052
0.9665
0.9933
-0.8065
9.780e-02
0.7765
0.3289
-0.1616
1.3681
-1.7197
1.1100
1.7956
-0.8607
2.641e-02
-1.2644
-1.5939
9.245e-02
-9.758e-02
-1.7331
-1.8813
0.9595
0.7091
1.7287
-0.4492
1.4335
-2.2235
-9.069e-02
