-0.9707
0.2820
0.6611
0.6603
-1.8315
0.9592
-0.3838
-0.2004
0.5810
-1.7672
0.6958
-0.2845
-0.8352
0.4852
1.9825
-1.6030
-0.5455
-0.7558
0.4727
2.8158
1.2658
0.6599
-0.8131
0.5419
-2.801e-02
0.5977
3.196e-02
2.1120
-0.3224
-0.4800
-0.8203
-0.3774
0.2385
2.1567
-1.8391
-1.2981
0.2733
2.377e-02
0.8788
1.5699
-3.294e-03
1.0815
-0.9306
1.9996
1.6053
1.1862
-0.3452
-0.8744
0.2095
1.1200
1.2958
0.4792
0.5157
0.7653
-0.4916
1.1331
-0.3268
-1.8973
-1.8423
-0.4120
1.1289
-0.2681
1.0563
-2.8934
1.0331
1.5670
-9.536e-02
0.3609
1.2189
0.3449
2.5778
1.4102
0.8012
-1.4244
-0.4820
-0.2551
1.0601
0.1605
0.3190
-1.1964
-0.2371
-3.143e-02
2.4825
0.7705
0.6395
0.3266
0.2261
-1.4949
1.8359
0.6821
-1.2945
-0.6749
-0.2433
-0.5270
0.3580
0.9777
0.6548
-1.4421
-0.7278
-0.7920
-0.3356
-0.5263
0.4365
0.5353
-0.6717
0.9255
-0.3733
0.6363
-0.5143
-0.9371
0.2274
1.0767
-0.6438
-1.4469
-1.1508
-1.9365
0.5812
1.9642
0.6014
0.7665
8.474e-02
-0.1831
0.7478
-0.3064
0.8969
7.422e-03
0.1082
-0.5156
-8.341e-02
1.2237
-0.9144
0.9166
0.4670
-1.5324
0.1728
0.1809
-0.3282
-5.619e-02
0.5756
-6.449e-02
1.4424
3.210e-02
-1.0149
0.1073
-0.5325
0.9441
0.4234
-1.3448
-1.2592
9.180e-04
0.8011
0.9748
0.1909
-1.3546
0.4043
1.2355
0.7850
0.1150
1.1479
-1.828e-03
0.9275
0.5972
-0.1867
0.5610
1.0054
-0.3309
0.3125
0.8742
1.3044
0.4028
-1.6806
0.9485
-0.9121
-0.1249
-1.0586
-0.2450
-0.9328
0.9267
1.9811
-1.0476
-1.1685
-0.6934
-0.6634
0.5889
0.1419
1.4402
2.2217
-1.2744
-2.0209
-0.7924
-0.8040
-0.4363
0.8806
1.1088
1.0364
-3.208e-02
-0.6389
-1.0872
-0.8175
-0.1399
0.6571
-1.1732
0.6336
-4.075e-02
-0.4832
-1.0937
1.3439
0.2232
0.3762
-0.1336
-2.0869
0.5010
0.9610
0.6704
-0.5916
0.3755
-1.0327
-0.6974
-9.323e-02
1.0644
0.3363
-1.9354
1.4269
-7.733e-02
0.4406
-0.5316
1.7157
0.9779
1.4974
0.8323
-0.7379
0.4761
0.3822
-0.5396
-0.5926
2.2218
-1.7009
0.1005
1.4316
-1.6441
-1.0814
-0.8324
-2.4106
-0.5342
-1.5846
1.1644
0.5431
0.5948
-0.1444
-2.0098
-0.6727
-0.3839
-2.4550
-1.4774
1.014e-02
-1.2173
-0.8171
-0.1266
-0.7345
-0.6681
-1.4554
1.4094
1.2827
1.6842
-0.3810
-0.3177
-0.1385
-3.134e-02
0.2100
-2.5949
2.0844
0.1001
0.6765
0.6325
0.7932
-1.0128
-0.6568
-0.7479
-0.9829
-1.6218
1.6368
1.2140
0.2854
1.3639
0.1215
0.6994
-0.2819
-1.2383
1.8349
1.8559
-1.8673
1.1601
-0.6354
-2.4534
0.8837
-2.8354
-0.9855
-0.6147
-0.1813
0.2624
2.3944
-1.6272
0.7802
0.6692
0.7159
-2.0477
0.1441
-1.0522
-0.4511
0.7980
0.4747
1.9726
-2.8171
-0.1337
1.4211
-2.1253
-0.9981
-1.1596
-0.3421
1.3780
0.1463
0.3384
-0.2874
0.4308
-1.6568
-0.2467
0.5694
0.6001
0.9548
0.8377
1.0044
-1.3456
-1.0087
-1.9207
-0.7858
0.5552
-0.9182
0.7050
-1.1204
1.7017
-0.7478
5.679e-02
-1.6440
-3.844e-02
-0.1811
0.4556
-1.7827
1.9048
0.9069
0.5346
-0.3483
8.637e-02
-2.398e-03
0.5851
9.490e-02
-1.6566
0.4854
-0.9145
0.3203
1.5894
-2.206e-02
7.620e-02
-1.0215
9.927e-02
1.2405
-0.9888
-0.3089
-0.4904
0.3738
-2.362e-02
0.4927
-1.9792
0.2205
0.5423
0.5272
-0.8934
0.3034
-0.2302
-1.9745
1.5687
-7.975e-02
0.2907
-0.8984
1.1412
0.6042
-8.705e-02
-1.2515
0.8630
1.5639
0.1396
0.8094
0.7507
-0.9432
-0.4278
-1.6724
-0.9255
-0.6849
-1.0815
-7.376e-03
0.1874
-0.2848
-0.2608
-1.7880
1.3221
0.5361
1.4747
0.1213
0.8613
-3.1601
1.9061
-0.7476
1.2275
-0.1226
0.2428
0.6603
-0.4125
1.1445
0.6783
-0.1561
0.2884
-1.1984
-1.2178
0.5012
0.4996
-0.1020
0.2642
0.3337
-7.110e-03
-0.7568
0.1398
-0.8917
0.3165
-0.2663
2.4487
-0.2214
0.2060
-1.0166
-1.4178
0.4827
0.1542
-0.5936
0.7338
-0.1065
-1.3430
0.6269
-2.673e-02
0.9372
-0.7340
1.2781
0.3668
9.010e-02
-0.8234
2.2712
0.5931
-0.4577
1.8373
-0.9450
0.1793
-1.6759
0.9794
-1.3408
-0.1101
-2.2117
1.5108
1.2740
-0.5471
-0.4477
0.1658
-4.697e-02
0.1032
1.5938
-1.1611
-0.2664
1.8430
0.1959
0.3574
-0.3133
1.1352
-3.924e-02
1.7241
-0.6417
1.8723
-0.3086
0.3964
-1.5045
-0.5133
-0.4404
-5.832e-02
3.902e-02
-0.8615
-0.3602
-0.2258
0.9675
-0.2907
-1.4195
0.1130
0.9438
-0.7296
0.8303
-0.9433
0.1801
-1.709e-02
-1.1568
-0.3493
-1.2619
0.9939
-0.6480
0.4164
-1.3178
-1.2435
2.0160
1.2571
-0.4136
0.9373
0.1888
-5.012e-02
-1.8595
-2.243e-02
-0.8630
-2.2518
-1.8330
0.4986
0.4599
-1.0895
0.9745
1.0712
-0.9991
-0.2071
6.182e-02
-1.2805
1.1305
0.5854
-0.1351
1.448e-03
1.3155
-1.0033
-1.1008
1.3817
1.3286
0.8855
-0.4292
-0.4272
-0.5550
-2.287e-02
1.1788
0.8894
1.1698
1.2969
0.1759
-2.2179
-1.2948
1.6094
1.2254
-0.6270
1.2498
0.7591
-5.996e-02
-1.7429
0.8549
-0.5646
0.3985
0.2116
-0.1388
0.7716
-0.3232
-0.4463
-1.5789
0.5836
-0.7553
-0.5231
-9.056e-02
0.9382
2.2676
-1.4051
-3.130e-02
0.5406
-0.3420
-0.2081
-0.4770
0.9115
-0.5493
0.3117
-2.6204
1.2739
0.3684
0.1433
0.6276
-1.1768
-1.6621
-0.3131
-1.4573
-4.154e-02
-1.0203
-1.9972
0.2488
0.3782
-1.0392
0.9350
-1.2436
-4.499e-02
0.7493
-0.6082
0.3857
-0.6001
-0.7174
0.2459
-0.1321
-0.4405
-0.5726
0.6405
0.2685
-1.2285
-8.708e-02
-1.5312
-0.6574
1.4346
1.6853
0.8968
-0.2858
-0.4184
3.023e-02
0.9902
-0.4797
-0.3098
-0.5999
-1.4745
-0.6806
0.1280
1.4202
0.2337
0.4935
-0.5148
-1.8636
-0.1599
1.5247
0.1531
0.5819
1.4977
0.5632
2.4156
0.1832
-0.6148
-5.762e-02
0.2527
-0.6862
-1.5770
4.761e-02
0.6116
-1.3933
1.9154
0.1932
-1.5073
-0.9236
-0.4186
-2.0682
-1.2875
0.4407
-0.4368
0.4455
-7.855e-02
0.8071
-1.476e-02
1.3093
0.9046
0.7970
-0.1664
-0.1161
1.1392
1.1059
0.5167
1.0929
-1.6931
0.5825
0.3901
0.9189
-1.1175
-1.3631
4.658e-02
-0.1663
-1.1857
0.6511
-0.1882
0.1442
0.4442
-1.3929
-0.8779
0.6349
-1.4938
-1.1567
-0.3776
-0.4904
-0.5177
0.1843
-0.9516
9.774e-02
-0.4809
-0.6668
2.1419
-0.8101
-0.3830
-0.4332
1.1660
1.9654
1.3852
-0.1298
-0.3434
0.8736
-0.9556
-1.0885
-1.8900
-0.9341
0.6685
0.6100
0.8097
-0.4514
-0.5021
-7.237e-02
4.826e-02
-1.1703
0.9505
0.7312
-0.5785
-3.170e-02
1.1792
-4.232e-02
-1.2543
-0.3922
0.6411
-0.5938
-1.8232
0.8110
-1.8984
0.1567
1.5301
5.955e-02
-0.3382
-0.5430
0.4639
-0.7434
-0.5995
2.5391
-1.2035
0.6527
-0.1853
1.6321
-0.5976
-0.8008
0.7550
-0.8428
1.3986
0.6801
0.2302
0.1999
0.8809
1.095e-02
-0.4832
-1.3850
-0.3404
-0.6426
0.5689
0.9457
0.7598
0.2065
1.2981
0.1429
-0.1489
-2.4475
-0.3703
3.256e-02
-2.0314
0.4846
-0.3700
0.2416
-0.4076
1.4752
-0.5705
0.8202
-0.6763
1.5109
0.9668
1.5164
-0.2309
-1.1732
-1.2585
-1.1382
-0.9519
-0.1077
-1.0383
-0.7869
-2.2161
-0.1659
0.1683
0.8791
0.3769
-0.7819
0.5446
0.2685
0.2986
-0.1751
4.930e-02
0.7436
0.8086
-0.5450
4.851e-02
-0.5083
-3.276e-02
0.3188
1.7617
-0.5936
-0.2689
-1.2622
-0.2840
2.1232
-0.6404
0.2701
-0.4442
0.3539
-1.3393
-0.1311
1.7398
-0.4454
-0.1511
-0.5387
-1.3426
-0.3308
-0.1795
8.717e-02
1.0512
0.7097
0.1131
-8.057e-02
0.4606
0.3889
-0.7702
-0.4069
0.6557
0.1172
0.8453
-1.0486
-1.1906
0.8621
-4.2962
2.0699
0.8041
-0.2396
0.4882
1.2700
-0.3112
-0.6238
-0.2250
0.4352
0.2275
1.2399
1.1664
0.4859
2.1622
1.5574
-0.3385
-1.6241
-1.3316
-0.4177
1.4371
-0.7011
0.4149
0.1054
0.2493
-0.5128
0.3823
-1.7821
-0.5550
0.6696
-0.6702
-0.6087
0.4621
-0.3728
0.3795
-0.4794
-1.5871
0.7475
0.2674
0.3500
0.3829
0.6965
2.6473
-0.3257
0.6033
-0.8660
-0.2438
-0.4356
0.2765
-0.7266
-0.6111
3.4453
-0.8866
1.0690
-1.1653
0.5091
0.8084
2.0783
-0.1064
-1.1428
-0.1583
-6.596e-02
-0.6063
-0.4457
-0.2572
0.8636
0.2515
0.3840
-0.3599
2.423e-02
1.3850
-0.6939
2.3065
-1.4134
0.1210
0.8020
-0.4437
0.2227
1.4091
0.2457
-1.5234
-0.4337
-0.2644
-0.6615
0.4315
0.9404
-1.2933
-0.9263
-1.2298
-0.5996
-1.2843
0.2586
-0.1891
-1.5397
-1.6705
-0.2802
1.0123
0.2811
2.0191
-1.7000
-2.5181
-1.7377
0.6221
1.3883
-0.8810
0.4372
0.6611
-0.8218
-0.2227
-0.7209
-0.4404
-0.4781
-3.4640
0.1764
1.0641
1.8298
-0.4107
-1.5324
-1.0338
0.4694
0.7096
-0.4975
0.1626
0.8318
5.629e-02
-0.2743
-0.1950
0.2883
1.1793
1.1598
1.1898
-0.5469
0.6370
-1.8696
0.2059
0.1049
-0.1560
0.2999
-0.6149
-1.0115
-2.5044
0.6552
3.799e-02
-0.6324
-1.1720
-0.1457
-1.9541
1.2667
0.1289
0.5759
0.6402
-0.2248
0.2952
-0.8294
-0.1138
0.4719
-1.0159
-0.3422
-1.0526
