0.9061
-0.4841
-3.857e-02
-0.1772
-1.7776
0.1538
-0.9328
-0.6797
1.0321
1.4814
-0.7884
-0.9346
-0.7310
2.6909
2.8686
-0.3758
3.433e-02
-0.3489
-1.8038
0.2262
1.3979
-1.0787
0.9129
-0.7341
-0.4090
1.2443
-0.6757
-1.2714
-0.5322
0.3648
-1.4823
-0.5772
-1.7448
-0.2871
1.2803
-1.0628
-0.8128
0.9263
-0.2324
0.8219
-0.7129
1.9164
-1.0234
0.7655
-0.4343
1.3874
1.0931
0.9832
-1.6136
-0.8588
1.9427
-0.5194
-0.1181
-0.6977
-0.2369
-0.9543
-0.8852
1.6783
0.3507
0.2722
0.7603
-1.7452
-0.3502
1.7632
-1.0604
0.7611
-1.0219
1.8208
-8.570e-02
-1.1098
-0.6532
1.1544
0.7343
-2.3577
0.4043
-0.3230
0.5983
0.4452
-1.6043
0.2453
-9.229e-02
-1.4653
-2.0636
6.157e-02
0.3110
-1.3778
-0.4537
-0.7874
0.1200
1.6406
0.5603
0.3874
-0.4509
-1.7385
-0.1853
0.7689
-0.5276
1.5555
0.1053
0.2421
-1.0923
0.1848
-1.6662
-0.9049
6.149e-02
-0.9577
-2.007e-02
-0.1591
-1.9220
0.3873
0.7953
0.2831
-0.5848
-4.985e-02
0.9519
-0.4429
1.2711
-1.6068
-0.9034
-5.593e-02
-1.0132
9.850e-02
1.6180
9.846e-02
-0.1878
-1.2923
-0.4528
-0.6538
-0.9728
-0.2762
1.0029
-1.0187
-9.081e-02
-0.3561
0.2801
0.6015
0.8487
-0.1073
0.5673
1.0585
-0.5071
0.2555
-0.1316
0.2456
-0.4320
-0.7566
-1.7656
-1.0623
0.3274
-0.7156
-0.5807
-0.8649
-1.6183
-0.6260
2.470e-02
0.1559
-0.2762
-6.341e-02
8.892e-03
-8.356e-03
9.500e-02
1.5294
0.3978
-1.2011
0.7452
1.7006
0.1703
0.5924
0.1970
0.3601
-0.7694
1.1683
-0.7778
-0.6119
1.0069
-5.230e-02
-0.2173
-1.2348
-1.1271
0.3172
-2.1243
4.877e-02
0.1511
0.5616
0.6367
-1.0148
1.8910
1.0365
6.276e-02
1.4862
-1.2437
0.3533
1.0993
4.379e-02
-0.1793
-0.5105
0.7438
-0.7276
0.2125
-1.4663
-2.0232
-1.2992
-1.5186
0.3373
0.2680
2.0381
0.8272
0.3493
0.4576
-0.2218
0.3084
-0.5508
0.9405
0.2201
0.5940
-1.3311
1.6227
-1.1497
-0.1582
-1.3793
0.2921
1.0015
0.4013
1.0534
-0.8538
1.8409
0.3095
-0.6771
-0.6455
-0.7444
0.8626
-0.7334
-1.0180
1.7687
0.2832
1.1285
-9.183e-02
-1.9526
0.5007
-0.1372
0.9076
0.1610
2.1755
1.0042
1.5873
0.4552
0.5784
-0.1680
-1.1645
-1.7635
-0.5208
-4.375e-02
0.2364
1.8096
0.3562
1.4861
0.6185
-0.2338
-0.2130
-7.750e-02
0.8266
2.5262
0.4423
0.2917
-0.4848
1.3144
-0.9761
-1.2564
-0.3491
-1.7025
-2.3512
-0.2398
0.2621
0.4601
-0.9428
-0.6486
0.3609
-0.7733
0.8961
1.3871
-0.7517
2.1300
-1.4817
-0.1119
-1.3824
-0.5648
0.9632
0.1539
-0.5278
-1.3607
1.1713
-0.1036
-1.0021
1.1003
-0.1100
1.6142
-0.9833
0.8269
1.5470
-0.2939
-0.2019
-2.444e-02
0.9386
1.8994
-0.5504
0.8054
-0.2135
-4.085e-03
2.3387
0.9773
-2.4510
-0.4255
-0.1957
0.1416
4.029e-02
8.778e-02
0.8341
1.2075
1.2107
0.6550
5.877e-02
-0.2837
-1.3859
-1.3614
-0.5107
-2.2411
-0.3760
-0.1798
-0.6841
-0.1998
2.2803
-0.5037
0.6894
0.4344
-1.6148
0.4496
2.0093
0.2151
0.9492
-1.8166
-1.2998
-0.7838
-1.2723
-1.4884
-0.4337
0.5398
0.5139
0.3176
-1.3930
-0.1045
0.1081
-0.6058
-0.4148
0.4763
0.2804
0.9026
-0.5410
-1.1642
-1.3168
0.5773
0.2864
-1.4706
-3.888e-02
0.7727
0.6398
1.7283
0.9966
-0.7287
1.2345
0.8918
0.1849
-0.6583
-0.3386
2.1539
0.7366
-0.3247
0.1468
-0.2373
1.0724
-0.5692
-0.7023
0.5557
0.9804
9.943e-02
-1.2380
2.939e-02
-1.4099
1.1916
-0.1278
0.8482
-0.6370
-1.1275
0.5168
-0.3447
1.5432
-1.113e-02
-0.8223
-1.1318
-0.4654
-0.3854
0.1684
0.8504
-1.5144
-0.8295
-1.5286
-0.4358
-1.8772
-1.3598
-0.8475
-0.5724
-0.2509
-0.9634
0.7856
1.3151
0.1214
-0.1958
0.2743
-0.7341
-0.4298
0.7524
-0.3577
-0.3486
1.8365
-0.7794
-0.4809
0.4963
0.6337
1.2596
0.1670
0.3180
-2.0451
0.7375
-2.3060
0.7898
1.0264
-0.4394
0.7498
-1.1464
-0.2299
-1.9677
-1.3445
1.6195
-1.0900
1.2600
-3.8183
3.261e-02
1.0455
0.2748
-2.5093
1.2922
-0.1962
5.366e-02
-1.2461
1.3232
-0.1658
-0.7210
2.0548
1.4014
-0.9690
-0.1564
-2.867e-02
0.6550
0.3935
-0.4675
-0.8152
-0.5948
-0.1281
-1.2452
3.124e-02
1.1457
0.4071
0.4847
0.3811
-1.7337
-1.7530
-1.0288
0.3966
0.3041
-0.6639
-1.6590
0.2239
1.3013
-0.3652
-0.9741
-1.7631
-1.2992
-0.8708
-1.958e-02
1.1526
0.2214
-0.8571
1.9957
1.4324
0.8276
1.3804
-0.3682
-0.5430
9.635e-02
-1.5507
0.6214
1.0119
0.3257
-0.1342
0.6032
0.4574
1.1438
-0.5556
-0.6662
1.6726
1.2363
-0.1612
-2.931e-02
1.822e-02
1.1492
5.840e-03
1.9333
1.5533
-1.8888
0.8636
-0.3152
7.805e-02
1.4204
1.7988
0.1551
9.023e-02
-1.0459
-0.1343
-1.2234
0.3518
0.1579
-1.8451
0.8829
-1.2432
1.0232
0.7991
-1.6765
-0.2832
0.1046
1.4077
0.6305
-0.6962
0.2202
0.1113
0.8280
0.8661
0.9742
0.5454
-1.4905
-0.3808
1.2866
0.8271
0.8258
-0.1355
-0.5151
-7.059e-02
0.4029
-2.2479
-8.615e-02
-0.7628
4.914e-02
0.1249
-0.9745
-0.9508
-0.6226
0.9731
-0.9598
0.4006
0.1821
-1.4218
-4.893e-02
0.5411
-1.3245
0.6953
-1.8956
0.2886
1.1950
0.1175
0.3888
0.1787
-0.5128
0.1632
-0.1226
1.103e-02
0.9711
-2.0209
-0.9817
1.9076
1.4789
1.4560
-4.992e-02
0.2191
1.5864
0.3133
-0.8368
0.2914
1.0898
-0.3689
-0.2506
0.3531
0.3949
-0.5651
0.7310
-1.0629
0.5394
-0.2443
-0.5277
1.1344
-6.666e-02
-1.1002
-0.4550
-2.1347
0.8197
-0.5815
0.3547
-0.9696
0.7223
0.3961
0.8284
0.7777
-0.5557
0.1738
0.3449
0.1695
3.4018
0.7854
0.7195
-0.6302
1.1674
-0.5480
-1.8252
0.9068
-1.5170
0.6239
0.6408
0.4653
-0.9361
-2.1030
-0.3534
-1.0580
-0.1081
-0.9500
-0.6565
-1.9236
-1.1276
-0.5405
0.8522
0.5550
0.6902
2.1831
2.0936
0.1895
0.9742
-1.7897
0.7346
-0.4664
1.4839
-0.4888
0.1871
0.7564
0.5365
0.3876
-0.3912
1.7829
-1.1847
0.6711
-0.4923
-0.6930
-0.2020
-0.1847
0.1727
-1.0279
0.6021
-0.6095
1.2880
0.5863
1.8262
-0.2764
-1.5136
-0.3425
1.006e-02
-0.9506
0.8321
-0.3129
-2.945e-02
1.3553
1.1547
0.9818
1.3024
-0.8291
0.5372
0.6726
-0.4997
-0.4768
-0.2446
2.0551
-0.5688
-1.0830
-0.2879
-1.2708
0.4048
0.5591
-1.2128
-0.9966
7.386e-02
-0.4841
-0.1526
-1.263e-02
-2.185e-02
1.1686
0.9810
1.0414
-0.3996
-0.5386
-0.7458
-1.1242
-0.5640
-0.1324
1.1581
1.3948
8.743e-02
0.2891
-0.1605
1.7661
2.0774
-0.3454
2.0819
-0.8747
5.520e-02
0.3242
1.1634
-1.0859
-0.8724
3.382e-02
-0.9537
0.2983
0.6764
-0.4603
0.3084
-0.9085
-0.2913
0.4898
-0.2053
1.4844
-0.7227
-1.2910
0.1331
0.3176
-0.2000
-4.994e-02
1.2689
8.031e-03
-0.5568
-5.677e-02
0.2551
1.9050
-0.1777
4.749e-02
1.8088
0.1050
-0.8041
-0.1507
-0.6922
0.7238
1.1145
-1.5707
-1.6777
-1.1571
0.2793
1.2357
-0.2924
0.6880
-0.2884
-0.3530
-1.8326
-0.4856
-0.8771
0.5458
0.6280
0.9572
0.2397
0.8172
-0.1272
1.1716
-1.1905
1.378e-02
1.1653
-2.4426
-0.7097
-0.6209
-0.4565
0.2336
1.2509
-0.5183
-0.6282
0.1944
-1.2389
-1.3480
-0.6370
0.2676
-1.0686
7.359e-02
-0.1582
-4.849e-02
-0.3651
-0.6378
-0.6326
0.7307
0.6053
2.7186
-1.9324
-2.1049
-0.2341
0.7624
-3.9162
0.1149
-0.2215
-0.8550
1.1364
-0.4982
5.240e-02
0.8015
0.1650
0.4809
-0.7694
-1.2119
1.0258
-0.8164
1.3171
1.7953
0.6081
0.6713
4.696e-02
0.7564
1.2306
-0.5709
-0.8513
-1.2768
-0.6594
-1.3911
0.3502
0.7826
0.4806
-0.6926
0.1139
1.3188
-0.5637
-0.5947
0.9778
-1.1800
1.6279
-1.2601
-1.5364
0.3053
0.1205
-0.6397
1.6012
0.8828
-0.3375
-1.6553
0.1933
-0.9830
9.529e-02
1.2973
-0.9597
0.3019
0.1777
1.905e-02
6.971e-02
-1.6814
-0.8616
-1.4257
1.3688
-0.9675
-0.6920
1.0355
0.3120
-1.0704
-0.6164
0.2128
-0.4233
0.4591
1.2778
2.334e-02
-2.0009
-1.0537
-0.2852
-0.5764
-4.187e-02
-1.5591
-0.6532
-0.9280
-2.591e-02
6.296e-02
0.1422
-0.7391
0.2644
0.1023
-0.9883
-0.3418
1.5301
0.1644
-0.1900
1.6393
-0.5123
6.075e-02
-0.1076
2.252e-02
8.115e-02
-0.4054
0.3060
0.2768
-0.2643
-0.3483
-0.5235
0.8860
-1.8784
0.7320
-1.4834
-1.0272
1.0719
0.8455
-1.166e-02
1.5452
-0.2400
0.3947
1.1941
6.527e-02
-0.3710
-0.9248
-0.5344
-0.1069
-0.9193
0.1956
-1.3941
-0.3815
-0.3697
-0.8667
-0.5641
-0.2042
-1.4353
0.3157
1.5485
-0.4450
0.8067
-0.1619
-1.5201
-0.7120
-1.2274
0.1115
0.2794
0.4396
-0.1337
-1.7833
-3.095e-02
1.8801
-1.8817
0.8475
1.1812
1.3884
0.7820
0.5814
-0.6756
-1.3302
-0.5189
1.9904
0.2741
-0.4503
-0.6162
1.4928
0.5624
-1.9434
-1.2528
1.8807
-2.0743
-1.8882
0.4841
-0.1475
-0.1002
0.1270
-1.1455
-0.3083
-1.4180
0.9904
0.4361
-1.1027
1.3832
1.6604
1.8819
-0.1051
-6.131e-02
-0.6562
-0.3060
-0.3090
1.0829
-1.7492
-0.3542
-1.4463
0.5050
0.8229
0.5957
