-0.5199
1.5497
1.0457
2.3783
1.5625
-0.7173
6.502e-03
7.806e-02
1.2629
1.0391
-1.3735
-1.3366
1.9683
0.1536
-0.6018
-0.3615
0.2885
-0.7145
2.0553
-1.6731
-0.2469
-5.690e-02
1.7380
0.8785
1.0172
0.3063
0.8564
-1.3729
-0.4805
-1.0545
1.4856
-1.8658
-0.2579
-0.1350
-1.9066
-1.2738
-0.2246
-0.5675
-1.1076
1.2608
-0.2464
-0.2125
-0.6231
0.9168
0.4465
-0.5729
-1.5975
-1.7072
-0.3772
1.5103
0.6837
-1.6902
0.2918
-0.3003
0.2987
0.5860
-0.3793
1.4695
0.2270
0.1944
-0.5827
-0.5709
-0.2017
0.3643
-1.2662
0.4411
1.2295
-1.6419
6.406e-02
1.7313
0.1946
1.3928
0.4064
-1.9105
1.5117
-0.7592
1.0685
-0.9810
1.8718
0.5084
-0.8958
-2.2443
-0.1255
0.9901
-0.9270
-0.4906
1.3926
-0.9392
0.6395
2.4343
-2.265e-03
1.4565
0.1748
1.9110
-0.2570
-0.9609
1.0442
0.2931
1.5743
-0.7589
0.6360
0.2565
-1.4447
1.2749
0.1623
9.221e-02
1.5438
-1.4349
-1.0710
-0.9436
-5.849e-02
0.2644
0.2336
0.6008
0.2752
-1.1810
0.2825
-0.5319
0.1537
1.7458
-0.8989
-2.6441
-0.3636
1.1651
-0.7173
-7.574e-02
-1.4183
8.947e-02
-1.1100
-1.5469
1.0084
1.7451
0.9618
-1.4093
0.1626
-0.1146
-0.6947
2.2546
-1.1924
-1.1096
1.7261
0.2301
-0.8139
0.8063
0.5702
1.3809
-3.239e-02
-0.8685
-0.1982
0.2500
0.3561
-0.2054
-0.5451
1.0414
-1.6605
0.2347
-1.4159
1.1598
-1.8809
7.079e-02
0.5072
0.5139
-0.6915
-0.4445
-2.2715
-1.4474
0.3282
-1.1484
0.7689
0.1777
1.6269
-1.5282
0.6108
1.0098
-1.5716
0.7106
-0.6037
0.1646
-0.8288
-1.7094
-0.6659
0.4697
0.7866
-1.1822
1.0602
2.4743
-1.0319
-0.5122
-1.0023
-1.5737
0.4156
1.1810
0.6390
-0.6667
-1.2542
1.4066
-7.125e-02
-0.1623
-1.2038
2.2786
2.2087
0.2797
1.0334
-0.4396
0.6119
0.5935
-2.2796
-0.6432
-1.5738
-0.4534
0.1222
1.0970
-1.1279
-0.8039
-1.0677
-0.1437
1.4499
-0.3670
-2.455e-02
-1.5823
0.7018
-0.7911
-1.2974
0.3678
8.843e-03
5.869e-02
-0.1242
0.4601
-1.0982
-2.3494
1.0980
6.836e-03
0.3178
-0.8970
-9.819e-03
-0.7487
-1.7677
1.5907
-1.3560
0.1694
0.5007
2.917e-02
0.1423
0.3834
-0.3184
0.3835
0.2010
1.5256
1.1362
-0.9072
-1.6594
0.9706
0.8429
0.9387
-0.7045
0.4159
0.6302
0.1909
1.1449
-0.6574
0.4957
-0.3374
0.3655
-0.4951
1.2424
-0.2378
-1.4962
0.8896
0.3802
-0.4338
2.1489
2.2012
-9.340e-02
1.1293
-0.7088
-0.4094
0.2529
0.2801
7.221e-02
0.4614
1.0767
-1.7677
-0.6270
0.9751
-0.5568
-0.9927
-0.3052
1.0234
-1.6549
-0.1576
0.9769
0.1231
-0.6013
0.2866
1.4448
0.9166
-0.5126
-0.6118
-0.1555
-2.2487
-0.3958
-1.9255
-1.5142
5.000e-04
-0.6765
0.8670
-0.1000
1.1262
-0.5199
0.4022
2.0638
-0.4059
5.271e-02
-1.0394
0.5544
0.4268
0.6008
1.5113
-1.1002
1.1630
-5.251e-02
-0.3713
-1.2862
1.1343
-0.5223
0.5321
-0.4794
-0.3359
-1.1061
-0.3327
-0.2979
7.880e-02
-0.5405
-0.7323
-0.1765
0.7391
1.3531
-1.3565
1.3851
-1.4478
-0.4016
-0.9408
-6.311e-02
-1.4239
1.2854
-0.6034
-0.2394
-0.4001
-0.4755
-4.852e-02
-0.9107
-0.9929
-0.7102
-1.7713
0.6929
0.3258
-0.1218
-1.8578
0.2736
-0.9739
0.6768
-1.2213
-1.384e-03
0.1341
-3.886e-02
0.1526
-0.9198
-0.6279
0.1039
1.2465
4.233e-02
1.4986
0.7599
6.749e-02
-0.4955
0.6307
1.0021
-1.7755
0.8017
-1.5170
-1.3618
1.175e-02
1.3701
0.3586
1.3818
-0.2688
0.9096
-0.6085
-0.2518
-1.3105
-1.3698
0.8339
-0.2786
-2.1027
-0.8219
-0.5552
0.1715
-0.2313
0.6268
-0.1330
-0.4920
1.1954
-0.8937
-7.878e-02
-1.826e-02
-0.7435
-0.6957
-0.4160
0.1846
0.5681
1.7204
-0.3884
-0.4798
-0.5952
2.2880
7.342e-02
0.1790
-0.2304
1.1628
0.2487
-0.7953
0.3699
-0.5386
-0.2370
0.8945
-0.3395
0.5547
0.5003
-0.5408
0.2164
0.1813
0.1370
0.6428
1.3247
1.0960
-8.837e-02
-4.595e-02
-1.3794
0.8190
0.2364
7.592e-02
7.126e-02
0.1537
0.3727
-1.1903
0.1900
-1.8655
-0.3917
5.550e-02
-1.0721
-1.6117
0.3134
-0.5880
-0.2500
-0.8119
-0.3442
-0.4670
0.2622
-0.4867
-0.5176
0.2793
0.1162
-0.3746
1.0023
-0.7563
-1.0306
-0.2967
0.3201
2.7378
-1.4191
-0.1639
-0.3756
2.0910
1.1645
0.9120
1.5768
-0.6194
0.4996
-0.3624
-0.2077
-7.763e-03
0.7850
-1.0278
0.7233
-2.3365
-0.4737
0.9709
1.0288
0.3391
0.7597
0.3437
-1.4076
-0.3176
0.8752
-0.1652
0.9954
1.1155
-1.3032
1.1827
-0.9933
-0.3600
0.7592
-0.8134
-0.1885
-1.0687
0.2575
-1.4308
-1.1604
-1.7156
-0.4591
0.5115
2.0299
0.8082
0.1323
-1.4898
1.2218
3.000e-02
1.1502
-0.3427
0.4744
1.7255
3.214e-02
0.3563
-0.3427
-2.4344
-0.1113
-1.867e-02
-0.9321
0.4842
0.4761
-0.2643
-0.3583
-0.2863
3.0013
-9.912e-02
1.5379
-0.1302
0.8563
0.4380
1.3648
9.554e-02
1.0340
0.8498
-4.762e-02
0.2457
1.6057
0.2123
0.6005
-0.4239
-0.6069
-1.0253
-7.579e-02
1.5444
0.6859
-0.9699
0.8302
0.9955
1.5032
0.5527
-1.2539
-0.1102
-1.2367
-0.4709
-0.2631
-0.4534
0.5136
-0.3687
-0.7251
-0.4648
0.8489
0.3362
-0.4579
-0.1536
0.1148
0.4733
-0.5219
-0.1219
0.1872
0.1321
0.4152
3.330e-02
0.9858
0.3957
-0.8444
0.6455
-1.7084
-0.1344
-0.4053
-1.6746
-2.2474
-1.2552
1.1412
-1.4160
0.8114
1.3717
0.4176
-0.3198
2.0766
0.3034
-1.6043
1.1506
0.5944
0.4938
0.8057
0.6116
0.7337
0.5157
-0.3035
1.7805
0.5833
-0.6618
-1.5525
0.5776
0.4048
-1.1591
-1.1673
-1.1524
0.5355
0.3587
-1.910e-02
-0.7617
0.8866
-1.2172
1.9939
0.9142
-0.3037
0.7447
0.2390
-0.5197
0.4926
-0.9640
-1.4312
-0.5605
-0.4375
-0.6857
-4.088e-02
0.3205
-1.6284
-1.0086
8.352e-02
1.4539
-0.7483
-0.6739
0.9817
-0.5965
0.3746
-0.2474
-0.9314
0.3092
0.1062
-0.3197
-0.2993
7.955e-02
-0.2951
2.3492
1.7045
0.8680
1.2519
-1.9421
0.7049
0.8159
1.5486
0.5482
0.3956
-1.5856
-0.1016
-1.0349
-0.4766
1.1365
-0.9011
0.4304
0.8154
0.3683
-0.5610
-1.1548
-0.4695
-0.7012
0.4779
-0.2224
-1.6213
-0.1949
-0.6548
-1.0856
-1.4596
-1.3004
-1.8308
-0.4180
-0.5310
0.2556
0.5253
0.8399
0.7798
-0.5504
-0.3411
-1.7047
-0.3713
-0.7025
-0.7025
0.1605
-0.3832
-1.0804
-5.852e-02
-1.2284
0.1651
0.9930
-0.3091
1.7888
0.5982
-1.0584
1.0652
-1.0520
-1.1562
0.2400
-0.5485
-0.1704
8.254e-02
-0.2348
-0.2765
1.0978
-0.1242
0.1649
-0.8297
0.8907
-1.1405
-0.4579
0.3809
-0.5358
-0.3039
-0.9146
-0.9367
0.2328
-0.2635
2.1569
0.2226
7.385e-02
0.1657
-0.2554
0.4132
-0.5876
-0.2994
0.3973
-0.7622
-0.2812
1.6425
0.9843
0.4100
0.6571
0.3718
-0.9456
-9.804e-02
0.6218
0.5851
0.2876
1.2132
-0.4225
0.5434
0.6154
1.8140
0.7055
0.9785
0.5869
0.9911
-1.3690
-0.6896
0.2865
0.1365
-0.3562
0.2703
8.010e-02
-3.1408
-0.4079
-1.8703
-0.5670
-0.7004
-0.5601
0.7385
-0.3161
-1.065e-02
0.3207
-0.7283
0.4167
2.0791
-1.9498
0.8101
0.8305
2.7495
0.4958
0.3663
-3.141e-02
-0.6921
0.3252
1.1638
-1.8669
0.1155
-2.3465
0.8154
1.3051
1.0357
-0.9368
1.3594
1.0067
0.5412
1.1815
1.1162
-1.2589
0.7026
-0.3220
0.2048
9.235e-02
-1.1448
-1.1532
-0.5429
0.6691
-0.4795
-0.1425
-1.0976
0.4265
0.5617
2.0064
-0.4405
6.813e-03
-0.4664
-1.0485
0.4645
-0.8500
1.1246
0.2444
-0.6132
0.1355
0.1974
0.3851
0.6275
0.1929
0.5075
0.4726
-0.4369
-0.7288
0.1645
-0.8618
-0.6540
0.7455
-2.4436
-0.8862
-0.5676
-0.4538
0.6582
0.7658
0.7860
-0.1426
0.6913
0.3926
0.2136
1.7550
0.8401
1.3484
-0.1995
-0.7741
3.0755
-0.4576
-0.9077
-9.468e-02
-1.2200
-2.0370
0.6640
1.5930
0.3266
0.8659
0.5532
1.1228
-1.6995
-0.3552
0.2557
1.4595
-1.2719
1.7265
-1.2563
-1.1279
2.076e-02
-1.9890
0.5681
-0.3936
-1.5953
-0.3378
-0.5780
0.7272
-1.8502
0.2626
0.8314
-4.188e-02
-0.9307
0.5447
1.1267
-2.3130
-0.5780
9.130e-03
0.3969
1.1328
0.4359
1.6037
-0.1823
0.2389
-0.1745
1.2421
-1.1515
-4.826e-02
0.6134
-0.4752
-1.8239
1.1559
1.4784
0.6354
-0.1322
1.1157
-0.7398
0.6184
-0.3633
-1.0559
1.0881
-6.685e-02
-0.6203
-0.1817
-5.922e-02
-1.0190
0.8845
0.9292
1.1572
0.3661
-0.8425
-0.9300
0.4017
-0.1579
-0.5140
0.3387
-0.4834
0.1733
1.4874
-0.3866
-7.184e-02
-0.4598
-0.1769
-0.7655
-1.5427
7.740e-02
7.441e-02
-0.3217
0.7599
-1.2635
0.3940
0.2563
0.9914
-0.8459
-1.1443
-0.7173
0.6316
-0.2819
-1.4655
-2.810e-02
0.4023
-0.1298
-1.666e-03
-0.1563
-0.6271
1.3138
2.074e-02
0.2259
0.2980
0.8333
-0.7438
1.4011
-0.8194
0.3213
-0.9364
-1.7912
1.3908
-1.4996
-0.7305
0.9079
-5.110e-02
-0.9789
-0.4188
1.5025
0.9233
-1.0498
1.2278
-0.5905
0.3392
-0.6684
0.7005
0.6830
-1.1124
-1.1399
-0.1805
-6.532e-02
1.0952
1.2161
0.4141
0.8382
-0.1209
1.0770
-0.8904
