1.0766
0.7817
-0.4662
-0.4338
0.8891
0.9037
-0.9346
-0.5462
0.2718
-1.6424
0.7400
0.3580
0.6583
-0.1221
-1.5632
9.496e-02
-1.2633
2.2796
-0.1858
-0.4043
1.2263
-1.0061
-1.4738
0.8046
-0.1580
-0.6661
-0.3906
1.7703
1.2864
0.5592
0.9056
3.342e-02
-0.2320
-0.6898
1.2227
0.2995
-0.7907
-0.2624
-0.7127
-1.5544
-0.4458
0.7515
1.0530
0.2639
0.7773
0.1237
-0.9814
-0.5658
-0.4300
-0.6821
-0.6256
1.5791
0.3696
-0.3217
-0.7105
1.2240
1.0285
1.0403
1.1964
0.1126
-8.118e-02
0.1718
0.7128
-0.3093
-0.5606
-0.6641
0.2364
-0.3387
1.0487
1.2703
-0.4618
0.8582
-0.2311
4.117e-02
0.2266
-3.486e-02
-0.4762
0.8710
1.1276
1.5612
0.9533
-1.6187
-2.1199
-0.7750
0.9231
0.4087
-0.5679
1.4455
1.1120
-0.6823
1.2063
1.0103
0.1770
0.4923
0.1568
0.1504
-0.3434
9.628e-02
0.2636
0.1145
-0.8590
-1.1758
0.5429
-2.0367
1.1891
0.1028
0.4778
-0.6085
-1.5051
-1.4028
0.6012
-0.9154
-2.0153
1.6630
0.3002
0.2853
-1.4813
0.9924
-0.5735
0.9028
1.3116
0.4974
0.3362
-0.6970
0.4725
-0.3448
-0.3731
1.7498
0.7023
-0.7602
0.7917
1.5943
-0.6622
-0.3332
0.9646
9.989e-02
0.6247
0.4150
-0.4398
-1.1080
-2.2200
0.4939
-1.0596
0.5683
-0.4195
-0.9552
-1.0420
0.3084
0.3922
1.1313
1.8161
-0.1232
-0.5081
0.5494
-0.2017
-0.7599
-1.1601
1.0286
0.3321
-1.1050
-6.509e-02
0.3966
-0.6421
1.0950
0.5258
3.4391
-0.1565
1.1664
0.9099
-1.1801
0.3165
0.2825
1.0474
-8.025e-02
1.7106
1.1087
0.4750
-0.6022
9.677e-02
-1.2206
-1.6410
-0.1367
1.6458
-2.2653
0.4456
-0.7278
0.2881
-1.0401
0.6549
0.1868
-0.8340
-2.1862
-8.054e-02
-1.0890
1.1800
-1.3099
0.6517
4.683e-02
1.2922
0.4163
-0.5260
0.3630
-0.3128
0.6339
-0.6297
-0.9946
-0.3621
0.4257
0.2287
0.6627
1.3772
0.7506
-0.5582
-1.2191
0.3444
1.8247
0.6553
-1.9758
-1.1606
1.0772
-0.8139
0.2194
3.796e-02
-0.2385
-0.9227
2.0362
-0.7075
0.5529
1.1060
-0.4056
2.4229
-0.5577
-1.5922
0.7872
1.3324
-0.8827
0.3115
0.5696
-2.0132
-0.5888
0.2162
1.8561
0.9415
-1.2491
0.6527
-0.8500
0.3730
-1.8297
0.3511
0.1042
0.9075
9.205e-02
1.2762
-1.3116
-0.3817
0.3822
-0.9665
0.6617
-3.5130
0.6028
-0.6318
-0.9547
-0.5760
2.3034
0.7724
0.2574
-0.3091
0.7404
-0.1696
0.2061
3.386e-02
-0.8993
-0.2853
-1.1938
-1.3895
2.0183
0.1714
1.154e-02
0.4177
-1.3064
1.8421
0.3126
-1.6741
0.4718
0.8265
-2.0897
-1.9173
-7.675e-02
0.6682
-0.6719
-8.575e-02
0.3093
-0.7222
2.681e-02
-0.6593
-2.487e-03
-0.8953
-0.8371
0.2774
-2.1845
-0.5949
-1.6400
-1.7355
-1.2857
0.6580
4.537e-02
-0.8299
-1.0242
-0.7538
-2.3211
-0.5962
8.058e-02
-0.3213
-0.5658
-0.5649
-0.2281
0.4126
-1.2103
-1.3239
1.4834
0.8563
0.2758
0.6772
0.2790
0.6619
1.6877
0.2882
-0.5291
-1.9735
-1.1136
0.5203
-1.9579
4.019e-02
0.2595
-9.397e-02
0.3610
1.0826
1.6661
-0.5318
0.2246
0.9327
-0.3538
-0.7959
1.1341
-1.9173
1.6065
-0.3060
1.2392
-1.5185
-1.3916
0.1500
0.4064
-1.8087
1.1726
1.2686
2.1638
-1.2791
1.7023
-1.4721
-0.7060
-0.4003
-0.7817
1.3241
0.7096
0.5323
0.3274
0.7863
-0.4225
-0.6601
0.9878
-5.397e-02
0.4565
0.9104
0.7185
0.8865
-2.2219
0.3927
-1.3631
-0.1337
0.3700
1.0550
-0.6286
1.3163
-1.0093
-7.221e-02
-1.8495
-0.7866
-1.0978
6.607e-02
-1.8344
9.684e-02
0.5824
-1.2959
-0.7663
0.9053
-1.1887
0.2904
-1.4574
0.3980
-0.8884
-0.1880
-0.1283
-0.6421
1.0541
0.3933
-1.5071
0.9542
0.1078
-1.3136
-1.8358
0.7440
0.5237
0.6757
1.3373
0.6363
0.1587
1.5660
-2.3518
-0.3189
-1.0706
-5.575e-02
-0.7609
-6.275e-02
-0.3804
-0.2322
-0.4537
-0.8071
0.5142
-0.3054
-0.1770
0.6590
-0.1469
-0.6402
6.097e-03
0.1624
0.5171
-0.3463
0.7744
0.8173
1.3681
0.2555
-1.2482
-1.2731
-0.1538
-1.7127
0.5327
0.6062
1.4108
8.616e-02
-0.2986
0.5152
-1.1607
-1.3576
0.3224
0.5727
-1.4687
-4.379e-02
-2.714e-02
-0.2187
-0.2677
-1.8686
0.2046
-0.3034
2.2189
1.846e-02
-0.9511
0.1347
-1.0074
0.3438
-0.3027
-0.9919
0.3823
-0.5052
-0.3067
0.5071
1.5531
-0.2287
1.4870
-0.1448
-0.3486
-0.3696
-8.643e-02
-0.7293
-0.9662
0.4372
2.6092
1.6758
0.1352
0.7037
-1.1186
-1.2453
-5.196e-02
-0.1564
1.4995
0.6829
-1.8112
-0.4516
-0.8323
0.6422
-0.1864
0.2796
-0.4086
-0.8364
-0.5809
0.1999
0.4339
1.1957
-0.5199
1.1128
-0.2208
0.4587
-0.1825
-0.3066
-0.7861
0.6326
7.937e-02
-1.2259
6.191e-02
1.0718
-9.544e-02
0.1954
0.5098
-1.4186
0.5074
-0.1353
-0.3156
0.1005
-0.7748
-0.7228
0.5153
-0.3685
0.9185
0.4467
-0.9238
-0.5363
0.6480
-2.3845
-1.0213
4.123e-02
-0.2720
-0.9014
1.1478
0.1436
-1.3746
-0.5619
-0.5608
-1.0232
-0.1889
1.3891
-0.3137
-0.2223
-2.1723
0.1165
2.1889
8.664e-02
1.6390
0.2185
-1.0415
0.3560
0.3505
-0.7247
-0.5740
-0.8394
-1.0126
-1.1979
-0.8649
0.4261
1.3014
0.1074
1.4447
-0.6547
0.6910
-0.4501
0.2257
-1.0550
0.2582
-0.6315
-1.2423
-0.1386
1.0524
0.3879
-2.662e-02
2.0727
0.9931
2.2520
-1.0271
-0.5249
1.3118
1.1689
1.0303
0.4197
-1.8246
-0.8717
0.1473
-0.4643
-0.5466
0.6791
-0.3653
0.4350
-0.2990
-1.1832
-0.7610
-0.3469
-0.2455
0.8338
0.6355
1.3536
-0.4784
-0.4142
-0.4360
0.4968
-0.4066
1.5696
-1.5448
0.1627
2.1704
0.8559
2.2830
-1.5197
-0.1155
1.7910
-0.5809
1.8775
0.9871
1.7417
0.1424
1.3747
1.7152
0.4949
0.6546
0.3120
1.1257
-0.5296
0.4295
0.4066
0.8610
0.3909
-1.7210
0.4350
-0.9056
-1.3727
-0.8269
0.1602
0.7775
0.4120
-0.1700
-2.4693
1.3088
-0.2870
0.8555
-0.6518
-0.1011
1.2764
1.3788
-0.6634
0.8645
-0.5379
-1.7030
-0.8475
0.4357
-1.6770
-1.3568
1.0813
-0.8525
-1.3069
-0.3776
-2.5338
-1.6433
-0.7669
1.5173
-0.4533
1.0751
-1.0290
-0.8357
-0.1973
4.937e-02
1.1808
-0.9031
0.3800
-1.0841
0.6270
1.4213
-0.8151
0.8809
-0.9274
1.9429
-0.3572
-0.3373
0.4597
-0.1482
1.6016
-1.6827
1.0892
-0.4447
-0.2638
-1.4689
-0.3386
-0.1246
9.648e-02
-4.440e-02
-0.8679
1.1940
-0.1392
-1.8802
0.2425
0.5165
-1.0345
0.6522
-0.3909
-0.5848
0.4744
-1.8205
-0.4457
2.0658
-1.8391
-1.1202
0.6375
1.211e-02
-0.1262
-0.7066
-0.6568
1.3770
1.3067
-0.3829
0.9969
-1.1071
1.5279
-0.8287
-1.1654
0.5632
-1.0228
-0.8001
1.4782
-2.5486
-1.391e-02
-0.5052
0.4093
1.6181
-0.4265
0.1203
1.4063
-0.4743
0.8471
-6.025e-02
0.9553
-0.6668
-1.3856
0.4688
0.2456
0.4903
0.9721
-0.2191
-0.2475
-0.5212
-0.6802
6.810e-02
-1.7930
1.3098
-2.5272
-0.4840
-9.106e-02
0.4043
-1.4782
0.3131
-0.3464
-0.1937
-0.3196
0.3619
0.7418
-1.1323
1.5751
1.8045
1.4365
-0.9047
0.4567
9.211e-02
0.2342
0.2354
1.1223
-1.1131
1.0874
1.3308
0.1631
-0.4123
-0.3067
-7.056e-02
0.2665
-0.8195
0.5231
1.0597
0.2749
-0.1023
-0.6480
5.349e-02
0.2173
0.1335
0.3849
0.7693
-2.3990
0.6878
1.5923
-0.6875
1.3639
1.1357
-0.4641
-2.2212
-0.4849
0.1424
-0.5951
-0.5269
0.6543
-0.9555
1.0238
-1.6126
-0.8864
-1.1025
-0.6876
-0.4501
0.4000
-1.2959
1.4006
5.614e-02
-1.3874
1.0768
0.6397
1.6315
-0.8769
-0.5299
0.5901
0.1246
-9.393e-02
0.1310
0.8871
-0.9777
8.526e-02
0.9448
-0.1373
-1.5969
1.5128
-1.9325
-0.9223
1.3120
0.1622
0.3952
0.8708
-2.725e-02
-0.1339
1.0790
-0.6825
0.6180
5.795e-02
1.4980
-0.1375
2.0043
-0.7597
0.2020
3.014e-02
-0.5121
-0.8179
0.6588
7.423e-02
-4.132e-03
1.3308
-0.1000
0.2161
0.4339
0.4692
-1.7002
-0.2626
0.6512
3.133e-02
-1.9459
0.9891
0.7280
-0.4208
-0.2120
-0.5103
2.7982
0.4486
7.086e-02
-1.3134
-1.391e-02
1.4132
-1.5934
-1.5549
0.2526
-0.7623
-1.0243
0.9479
1.0221
-8.992e-02
-0.3956
-1.1343
1.2670
1.7710
-1.4924
0.4461
-0.9459
-0.4729
-1.6451
0.4281
2.0215
0.3957
0.4273
0.4749
0.1146
1.0109
0.1515
-0.1630
-0.5882
0.3028
1.5048
-0.8924
-8.923e-02
1.8610
-0.7582
-0.6646
-0.4270
-0.4632
1.0611
0.3581
-1.577e-02
-1.8413
0.1682
-0.1400
-0.4404
0.4844
-0.2103
2.1196
-0.2570
-1.9281
0.4128
1.6765
1.5416
-0.3400
1.9010
-0.2668
-0.2192
-7.755e-02
0.3767
-0.7926
1.0296
1.1145
-0.5759
0.6713
0.6821
-0.9957
0.4765
0.6040
-1.6833
-1.3062
0.5257
-1.4139
-0.2543
8.288e-02
-1.7008
1.0931
1.8400
-3.374e-02
0.3270
0.6210
1.4282
1.5119
-0.5677
-0.9142
5.155e-02
2.6134
-0.1561
0.4356
0.2877
1.8838
-1.5567
-0.3627
1.3077
-0.4922
-0.1102
0.6655
-1.3715
0.2409
-2.7504
-1.3105
-1.7567
0.4759
-0.7972
0.5880
0.6165
0.9144
-0.9663
-0.5513
2.3722
-0.2311
6.220e-02
5.449e-02
1.0610
0.2727
-0.4209
-0.5278
-0.8906
0.6845
-0.2552
