0.1358
-1.1853
0.3136
-7.038e-02
6.739e-02
1.1379
0.7322
-0.3094
-2.824e-02
-1.5813
1.1155
-0.9291
0.4745
0.9806
-0.9240
1.4500
1.8187
-0.1829
-0.1812
5.483e-02
-0.8475
1.7136
-1.3398
-1.2641
0.2891
-0.3051
-0.9633
0.9701
-1.829e-02
-0.6199
-1.6994
-0.4706
-0.1399
0.2974
-1.2318
0.8938
-0.5684
0.4141
-0.6199
1.5198
-0.5362
0.5844
-0.3815
-1.3407
0.8079
-0.7674
-0.3518
0.5634
0.8448
0.9411
0.7639
-0.1152
0.6600
-0.8436
0.6749
1.0248
-0.1882
0.1717
6.754e-02
-0.6463
0.6369
-0.6370
0.6409
-0.7141
-2.4574
0.9034
-1.2158
2.2250
0.1518
-0.4811
0.1882
0.8494
0.4495
-0.1939
0.3930
0.9176
1.4053
-0.6500
-0.5947
0.1681
-0.4162
-1.3364
0.1933
-0.2867
0.7663
7.293e-02
-5.810e-02
1.6682
-0.6232
-0.4221
0.5962
7.382e-02
1.3451
-0.4425
-1.1100
-0.2218
-0.3061
1.6989
-1.6009
-1.0508
-0.6497
0.7656
-0.9980
-1.4611
-0.4044
1.4139
8.392e-02
-1.3832
1.0582
3.592e-02
1.6811
0.3203
0.2054
0.2510
0.7157
0.6213
-1.4691
1.9592
-1.2026
0.2786
-0.1293
3.358e-02
-1.3435
-1.0568
-0.8464
-1.2288
-0.7913
0.4769
1.7785
1.7492
-2.591e-02
-0.9113
1.2879
-0.6506
0.2953
1.0074
-1.0100
0.4953
-0.8422
0.6639
-3.208e-02
-1.5172
1.0152
1.6985
1.2572
0.4867
-0.3178
-0.5850
-0.3398
-1.8837
1.1086
1.9979
-1.3946
2.840e-04
1.512e-02
1.6855
0.2037
9.444e-02
-0.1633
1.7307
0.2544
-0.1062
0.7142
1.3333
-1.0761
-0.6954
-0.6114
0.5747
0.5071
-0.8286
-0.8363
0.1469
2.4456
0.1568
1.9576
0.7397
-0.3379
-0.4330
-0.1894
0.3930
-0.4281
-0.2765
-0.8661
0.8002
0.4245
0.9328
-0.7003
-0.5260
0.3154
-0.7357
-0.9972
2.2929
-0.4949
-0.6377
1.1492
-0.7612
0.7821
0.8731
-1.2264
-0.7152
-0.3005
0.5198
0.9057
-3.103e-02
-0.2446
-1.0532
-0.6915
1.9874
1.0308
-0.1639
1.3081
0.1434
-0.3635
0.6584
-2.3440
-1.1121
1.4735
1.9394
0.5858
1.0029
1.5645
-0.3733
-1.1282
-2.682e-02
-1.2247
-0.5140
1.2380
-9.247e-02
-0.8583
0.9227
0.5350
-0.1484
-1.1786
-2.0384
0.2316
0.2475
0.9034
-0.9049
0.2338
1.0418
-0.4158
-0.9597
-4.247e-02
-0.4679
-7.212e-02
-0.9116
1.2151
1.0244
-1.6976
2.4938
-0.6468
0.4424
-0.3188
-0.5929
-2.2654
-2.5935
2.3216
0.2827
1.4293
-0.2021
-1.3122
1.4437
0.1853
-0.9088
-1.7925
-0.6840
-0.9424
-0.9964
0.7179
1.2904
-1.2217
-1.4483
-0.2606
1.1758
0.9648
0.1765
0.3094
-1.2281
1.4938
1.0515
-0.3047
-1.1492
0.2967
0.6739
-7.024e-03
-0.6218
7.929e-02
-0.7925
-1.1704
-0.1669
-0.3329
-0.4800
1.7900
0.4522
2.139e-02
0.2035
0.4841
-0.4575
0.6158
-0.7683
0.1422
-1.2722
-0.4677
-7.663e-02
1.4285
0.6840
1.7996
-1.4851
0.9388
-1.8328
-1.6082
0.2541
-0.6791
0.9827
2.1737
-0.9017
-0.4239
0.5732
0.1063
0.6324
-0.2488
-0.9912
-1.1493
1.1589
-0.2316
1.1042
1.1631
-0.1357
-1.5804
0.6693
0.9312
0.2182
0.1970
0.5315
-8.984e-02
-1.1702
0.2623
-0.5572
0.1551
0.6785
0.8473
-0.3400
-0.5845
0.9166
1.2493
1.8518
-1.670e-03
-0.2130
-0.3540
-2.1449
-0.2253
1.6159
0.6887
6.031e-02
0.1329
0.4534
1.1744
6.743e-02
2.9488
0.8961
-0.9426
-2.1994
-0.1408
0.7430
9.519e-02
-0.9987
-0.2295
0.5068
-1.5683
0.8801
0.3303
0.5419
-0.7375
-0.7284
0.6279
0.3255
1.0256
-1.8422
-2.7191
1.4146
-0.1619
1.6606
5.604e-02
-0.2424
-7.379e-02
-0.1350
-0.8443
1.7073
0.4556
-0.1067
0.8908
-0.7986
-9.293e-02
-8.220e-04
-0.5618
-0.4381
0.4273
-0.1907
-1.4771
-1.6368
0.8581
-0.5331
-0.1924
-1.9254
-1.0755
-1.1977
-0.7003
0.4788
0.6929
1.0604
-0.5667
0.4295
0.2630
-0.8626
-1.0696
-0.3777
-0.3870
-1.0664
1.0645
8.250e-02
-1.6154
1.4758
0.7383
-1.8020
0.8923
1.0083
-0.6103
-0.8183
-0.2074
-8.469e-02
-1.4058
-0.8526
2.0319
-1.0663
-0.8620
0.2284
0.3970
1.3801
-0.7222
1.4563
1.132e-02
-0.1057
0.7975
0.4940
-0.5348
-1.2975
0.5863
-0.3822
0.8723
-0.8525
0.8319
-0.4156
0.4316
1.4564
-1.0220
-1.0402
0.3235
2.8479
-1.0348
2.8063
0.4712
0.3299
0.8451
-8.589e-03
-0.2301
0.1639
1.3847
-6.276e-02
0.2556
-2.2494
-0.1519
-2.2290
0.1070
0.6396
-0.8053
-0.3924
0.6039
1.2133
-0.3041
-0.1646
-7.903e-02
2.9734
1.1460
-0.4467
-0.8713
1.1411
1.0864
5.993e-02
-1.7734
0.6210
-0.1713
1.3101
0.7080
0.5527
0.1792
8.542e-02
0.3536
0.1703
0.2865
1.3851
6.031e-02
1.0419
0.7490
-2.3286
-0.7668
-1.5924
-0.9239
1.4108
0.2553
0.2282
0.1287
1.4537
0.9973
0.7451
1.3146
0.4174
-0.3065
1.6462
2.5940
1.4403
0.9732
-1.154e-02
-0.5237
0.6605
-0.1908
0.2499
0.4087
-0.3885
-0.4210
-9.387e-02
0.3798
4.456e-02
-1.7886
0.1045
0.3451
0.1358
0.9889
-0.5964
-1.0775
1.5463
-8.257e-02
0.8746
0.6612
-1.4400
7.765e-03
-0.7522
0.2077
0.8855
0.1806
1.2468
0.8330
0.9387
1.7122
0.4545
-0.7444
-1.0589
-0.4907
-1.5870
0.2642
-0.1731
0.6079
-1.6919
0.5427
0.2892
-1.1679
-0.5318
0.4732
1.1793
0.3068
-0.9478
0.9238
0.2985
-1.3305
-0.1306
0.1319
1.7547
-0.7953
-1.0372
-1.572e-02
-0.4210
1.3266
-0.3708
0.7868
0.7231
-0.2577
-0.6218
-0.2981
0.7707
1.5281
-1.3151
-0.8814
-0.8469
-0.2370
0.2860
-0.1663
-0.6557
-0.2522
2.7689
2.044e-02
-0.2741
-0.4994
0.8525
-0.6983
0.7995
-1.1756
0.5365
1.3893
0.1337
0.6775
0.8791
-0.1863
-0.3698
0.9188
-1.1369
-1.0498
0.4112
-1.5048
-0.5227
0.9419
-0.1400
-0.9956
-0.9973
5.012e-02
1.5288
0.4314
-0.5092
-0.2469
0.8223
0.3076
-0.7044
7.869e-02
0.1899
-1.1261
-0.4406
-0.5137
-0.6212
-1.3975
-0.5923
1.4041
-4.252e-02
0.9457
0.6217
0.3148
-3.819e-02
-0.1805
2.1484
0.1462
0.3284
-0.3043
0.2282
-0.8658
-1.126e-02
0.7880
1.0841
1.3481
-1.6697
0.7335
0.9416
-0.7725
1.1862
-5.467e-02
-1.1331
-1.2290
-2.2446
-1.4809
-0.3391
-1.2739
-0.9020
0.9477
-0.8471
1.7554
-0.4462
-0.5007
0.5853
-1.0434
-0.7669
-0.2280
0.5421
-0.7163
0.9963
0.1066
-0.2425
1.3248
0.8705
-2.4436
0.6025
-0.3429
0.3984
0.6647
-0.1182
-0.6576
0.9287
0.5898
2.7351
-0.6394
-0.4173
0.1595
0.1618
0.1683
-0.3484
0.1535
0.3811
1.0659
-0.1886
-1.2715
0.5352
-0.8804
-0.9095
0.5617
-0.6139
0.1681
1.7837
0.4320
1.2078
5.288e-02
-1.0766
-1.1699
1.5384
-0.5451
-1.3534
1.861e-02
-0.9433
-0.5904
-0.8969
-0.3316
0.1205
-0.5261
-0.2321
1.0430
-0.9186
0.3425
-1.5757
1.2625
-1.2228
-0.2730
-1.3088
-1.1280
-0.4137
-1.5255
0.3661
0.6354
1.4476
0.2845
0.7011
0.3711
0.1781
0.1774
-1.0038
1.0921
1.5362
-1.0233
0.7540
0.5442
5.850e-02
-0.4039
2.2918
9.526e-02
-1.0932
-0.6764
0.5935
0.6277
0.9705
0.2253
-2.2239
1.8052
-0.4775
-0.2151
-0.1140
0.6611
1.8208
-0.2023
0.7177
1.3388
-0.6361
-0.7363
0.4690
0.6546
0.1984
-0.5187
1.0820
0.1517
-1.2364
1.5893
-6.880e-04
0.4306
-1.0846
-0.4891
-0.1971
0.4268
7.431e-02
1.2083
1.1366
0.6240
0.1345
-0.1821
1.0088
-0.4136
1.2143
0.3947
-0.4597
0.4067
-1.4402
-0.8833
1.5508
1.3340
-1.5187
5.545e-02
-0.7131
2.7423
0.1493
0.7761
-1.3075
-0.9856
0.5223
-1.6500
-0.4366
-0.6632
0.7840
1.3178
-0.2449
1.0979
0.8608
0.5948
-1.8790
0.8631
-2.670e-02
-0.5619
-1.7962
0.5199
-1.0000
-0.6359
-0.9834
-0.3090
0.4526
0.3584
0.6636
0.1745
-1.1545
-7.493e-02
1.2436
0.9497
-0.6778
-1.7841
0.2553
-0.9922
-1.1914
-1.4326
3.681e-02
-0.3641
0.8752
1.3149
1.0951
0.2017
1.5125
1.0164
0.5961
1.3773
-1.2278
1.0129
0.4939
-1.2291
-0.3287
1.2701
1.2824
-1.6094
-0.3548
0.6348
4.598e-02
-0.4356
1.0988
0.8848
0.5197
-1.4194
-0.1730
1.0836
0.5397
1.4075
0.6514
-1.7208
-0.9493
0.5476
1.6471
0.4499
0.4769
-0.6566
0.5131
-0.3843
-0.9679
0.9207
1.0973
0.4613
2.316e-02
-0.1562
-0.8409
0.9199
2.0736
2.2049
-1.7453
0.1595
2.0574
-0.7359
-1.8233
-0.5289
-0.9827
0.4919
0.1791
0.1693
0.8146
1.0562
0.5051
-0.6311
-0.1522
-0.3139
0.9424
-1.4915
0.2425
1.8517
1.1502
1.1789
-1.0992
-1.2544
1.0843
0.7046
0.4764
1.4503
-0.5591
-1.0240
-1.3945
-0.9721
-0.6169
-0.1067
-1.1117
0.3308
-0.6334
0.2754
-5.543e-02
1.5750
1.3805
0.3754
-0.1795
-1.1719
-0.4124
-1.9661
-0.4805
-0.6281
1.1013
0.7714
-1.6451
1.0198
0.4195
-0.8686
9.495e-02
0.9209
-0.8410
0.7648
1.4110
0.8087
-1.1537
-1.2680
1.2630
0.4913
-1.6575
0.6145
6.572e-02
-0.7584
-0.9499
-1.1302
-1.4387
-1.4013
0.7653
-1.7338
1.1289
-0.5419
0.2483
-1.0153
1.5521
-0.2412
-0.5527
-1.6451
-1.1708
0.3764
-0.9288
0.6721
-1.0347
-1.1327
1.7856
1.5809
-0.2235
0.1270
-0.4920
-0.1120
0.4157
0.6992
1.4747
0.5152
1.8349
-0.1180
0.6695
-1.8090
-1.1952
