-0.8677
-1.1819
-1.2412
0.3212
1.7543
-1.0396
-1.6643
-2.4721
-0.1533
0.4973
0.9586
0.7935
0.7455
-1.3482
-1.0231
-0.9110
-1.4027
-1.4624
1.1651
0.7223
0.8418
1.0111
-0.2402
-3.923e-02
1.0977
1.5468
-0.2423
-0.1963
-0.6566
0.7930
0.2876
0.4317
0.4948
-0.3416
-0.8488
-0.8987
8.930e-02
-0.3764
0.8411
7.671e-02
0.8698
0.2795
-0.3896
-0.6815
1.0253
-1.2842
0.3752
-1.7289
0.3667
-9.506e-02
-0.2357
-0.7141
1.3548
-1.9278
-0.1716
0.1520
-0.1124
0.1428
0.8294
-0.9705
-0.6767
0.8839
-1.1149
0.1314
8.483e-02
0.5264
-1.7975
-0.3334
1.8341
1.6194
0.5069
-1.4759
6.925e-02
1.2275
4.244e-02
1.0288
-0.1198
-0.2407
0.8592
-5.276e-02
0.4878
0.1418
0.4107
0.6772
3.763e-03
6.702e-02
1.2180
1.2873
0.3837
1.8538
-0.2121
-0.9532
1.0142
1.2788
0.4491
-1.5169
-0.5137
-0.7678
-4.687e-02
-1.1947
0.1909
0.5720
-0.7836
-2.0969
-2.1280
-0.7044
0.2572
0.7275
1.4381
0.5412
1.5680
0.2670
0.2013
-1.2922
1.0105
-0.1622
-0.2251
0.1602
0.1955
-0.7470
0.6136
-1.4588
0.4468
1.1747
-1.1775
0.8976
0.9388
-0.1796
0.2280
0.4031
-1.6162
-4.576e-02
9.506e-02
-1.9019
0.2100
-1.7515
0.7875
0.4881
-1.6215
-1.0506
0.2968
-0.2167
-0.7057
0.1707
0.2681
-0.5639
1.0968
-1.2987
0.6082
0.2826
-0.5466
-0.8834
-0.5027
-1.1420
0.2083
-0.8346
1.3899
1.7479
0.5790
-0.4933
-0.8171
1.4351
-0.3123
-1.3936
1.7253
-0.5432
0.6153
1.1819
-0.2802
-9.506e-02
0.7329
0.3781
0.6515
1.1596
-0.1214
0.4685
-1.1416
0.1810
0.6530
-0.4796
-1.9678
-1.3058
1.1260
0.1109
0.3202
1.6319
0.3328
-2.3404
-0.8374
-0.2090
0.6930
0.5145
0.2520
1.0100
-0.8824
-7.063e-02
0.4063
1.5870
0.6474
-0.9427
0.4537
0.8358
1.6009
0.1996
1.9556
0.1221
0.6704
-0.9469
0.7347
0.3236
0.5484
-0.1385
0.9082
-0.4163
0.1639
-0.2288
-1.8227
-8.790e-02
-0.1844
-0.5037
0.2526
-2.8911
-1.4992
-0.1651
-0.1958
0.8017
0.6822
-0.6898
5.138e-02
5.018e-02
-0.9711
1.8232
1.3218
-0.6963
-0.5613
3.343e-02
-0.2177
0.8950
0.3149
-0.2675
1.0455
-1.1736
-1.4637
1.3367
-1.1959
2.3271
-1.914e-02
-0.8123
0.4186
9.741e-02
0.4927
0.4575
0.5346
-1.4774
-0.5843
-2.0459
2.4354
-0.1178
-0.6862
1.4494
-1.2578
-0.5071
1.3791
-1.4062
0.7688
1.4288
-0.2580
-0.3612
0.5191
-0.5319
0.8389
0.9525
0.7485
8.358e-02
2.6916
1.1323
1.0189
-0.2562
3.511e-02
1.7108
-0.1781
0.9302
-0.3769
2.2645
-1.3690
-0.8280
2.502e-02
0.6109
-1.8965
-1.1007
1.2636
0.5246
1.7168
0.2579
-1.4003
-0.2169
-0.4036
-0.6932
0.5880
1.1235
1.1841
7.790e-02
-1.1616
-0.5656
-1.3820
0.7522
-0.8658
0.8306
-1.7045
0.1612
-0.2963
0.2097
-2.1967
-2.4473
-1.4380
-0.1214
-1.010e-02
0.2250
-7.730e-02
-5.562e-02
0.6651
-0.8010
-0.9371
-1.2591
-0.4032
0.2117
0.1424
-1.8210
0.6102
-0.2594
8.707e-02
-1.2971
1.0315
0.3772
0.3240
-0.1253
1.3341
0.3555
0.4192
-0.5006
1.7679
0.2551
0.5459
1.7810
-1.7096
-0.5527
1.4343
-0.9770
-0.4895
-0.4058
0.6707
-1.2061
0.1771
2.275e-02
2.8738
0.7516
1.5071
-0.6340
-0.8097
0.4256
0.8134
-0.9264
1.2096
8.974e-02
-1.3193
1.8551
-4.968e-02
-5.063e-02
-1.1625
4.012e-02
-0.7815
0.4556
-1.4220
-0.3187
0.9023
-0.6290
-1.0227
-0.1234
4.440e-02
-1.0004
0.6687
1.3540
-0.1702
1.5717
-0.2601
-1.3644
0.5264
0.7862
-0.4405
-0.7219
-1.6884
-2.0252
-1.6283
0.6669
0.6454
-9.492e-02
-0.4894
-0.8075
1.0440
-0.1995
-0.4794
0.1913
0.5867
-0.8485
-0.4886
-0.3473
-0.4446
-0.7744
-0.2293
0.4973
0.2861
0.1989
1.2820
-1.0916
0.9514
1.4597
6.183e-02
0.8832
-0.3541
-0.8412
0.4889
-1.7397
0.1956
1.1415
-1.6345
-2.0632
-1.8172
8.837e-02
0.7531
-1.0345
-2.2045
0.7229
0.4342
-0.2372
-1.6413
0.9005
0.8302
-1.5079
-0.8056
-1.0193
-0.3192
0.3001
1.4394
-2.292e-02
0.4396
-0.1384
1.5084
6.741e-02
-0.6967
-0.6545
0.6933
-1.300e-02
-0.3678
-2.8119
-0.9462
0.9679
-0.8971
1.8590
-1.2347
-0.8582
0.7147
0.1400
0.7098
7.243e-02
0.4735
-0.3347
0.3456
0.4360
0.4296
0.8129
-0.8976
1.9671
-0.6687
-0.6627
-1.1490
-0.2476
-0.1220
-0.9023
-1.0771
-0.2775
1.8903
-1.2316
-0.7406
-0.1735
0.1637
1.1111
0.6587
-1.9825
1.4840
0.7502
-1.6102
-0.6420
-0.2430
1.8042
-0.3396
0.1418
-0.8698
-0.2690
2.1192
-1.6693
-0.2532
-1.2877
1.0277
0.1978
0.3475
7.622e-02
0.8216
2.683e-02
1.3296
-0.1040
1.1522
0.1400
0.5765
7.446e-02
-0.6865
0.7706
-1.2061
-0.6114
-1.2638
8.651e-02
-0.7278
1.4627
-0.2885
-1.0041
1.1958
-0.5290
0.8033
0.8736
-1.2736
1.1763
-0.4501
-0.7001
0.7130
-1.0428
-1.3061
0.7973
0.2505
-0.3430
4.280e-02
-0.1308
-0.1693
-0.6326
-0.5357
1.3792
1.2034
-0.5371
0.7289
1.6246
-1.8522
1.0089
1.0825
0.7281
1.1057
-0.4249
-1.2885
7.042e-02
1.9787
-1.3687
-1.0870
-0.3916
0.1950
1.3156
-2.1598
-1.2089
0.6651
1.0123
2.774e-02
-0.8646
0.5673
-1.8291
-0.1573
-1.1781
2.0211
-5.622e-02
-2.1517
-1.6207
-0.9821
0.5284
-2.350e-03
-0.2187
-0.3598
0.1315
0.3642
2.1888
-0.6313
0.2941
-8.303e-02
2.533e-02
0.1890
-2.7795
-1.3318
0.5011
-0.7311
0.9237
0.3807
0.2147
-0.1549
-0.6806
0.3330
-1.4611
0.2279
1.6840
0.9209
-1.0959
0.4033
1.3523
0.4787
0.1145
-2.3830
-1.4132
-0.5526
3.554e-02
0.7989
-1.2373
8.281e-02
0.2217
-1.1217
0.3052
-0.3284
0.7658
0.2229
-0.4329
1.1891
-0.3308
-1.8053
-1.0226
-0.9853
-0.6253
-0.2158
6.211e-02
-1.2104
-0.2551
-1.0652
-1.1656
-1.2805
-1.4352
-0.1153
-0.3608
-1.2506
-1.1089
-0.7974
-0.3225
-0.5142
-0.2978
-0.5251
1.1093
-0.4874
0.2396
-0.9377
-0.7435
-0.2540
-0.5689
-1.2328
0.5822
-1.8066
1.3506
0.9173
-1.4736
-0.2844
0.1604
0.4884
-1.0836
-0.1517
2.543e-02
0.6367
-0.4394
0.5768
-1.1748
-0.2512
0.1311
0.5015
-0.2533
7.731e-02
0.7655
0.4358
0.7331
-0.1956
-2.5470
1.7888
-2.9677
0.6820
-0.6865
1.0060
-0.2053
-0.2399
0.9185
0.7823
-2.484e-03
-0.7787
-0.9654
-1.0962
0.3895
0.5489
-0.9379
0.1974
-1.3066
0.1226
-0.6625
0.8934
1.2604
-1.3639
-0.2800
0.8962
-0.3892
1.396e-02
2.751e-02
-0.6457
1.0217
0.6980
6.347e-02
0.7181
-0.7189
1.0864
0.7081
-0.8597
1.0434
0.4563
0.2140
0.8367
0.1724
-0.1785
-0.9228
-0.1765
-4.882e-02
-6.675e-02
8.025e-02
0.4371
-0.7417
0.9251
0.8425
0.5866
-3.057e-02
0.9069
-1.1889
-1.4627
0.7221
1.1489
0.2964
0.3009
0.5384
2.257e-02
-0.4002
1.3267
1.3625
1.0642
0.1914
-0.6658
1.1777
-0.5635
0.4318
-0.5613
0.5814
0.2629
-1.1895
-0.8331
-0.9620
-2.1028
1.6749
0.5844
-0.4064
0.7554
1.6317
0.9022
-0.4952
1.2238
-1.6874
-0.7458
-1.1797
1.1197
-0.5383
-0.5775
-0.3783
-0.9343
-1.0242
0.3294
0.1758
0.5695
0.5077
0.3642
-6.407e-02
-4.456e-02
1.3709
0.2363
-0.4193
-0.5471
-1.0121
-0.4119
-0.6546
0.2396
-1.6317
-0.6826
0.2638
-0.3307
-0.2366
-5.166e-02
-0.2624
-1.1218
-0.3483
1.8540
-0.4405
1.5159
1.1126
-1.3380
-4.527e-02
-0.2971
-1.1322
0.2925
8.554e-02
1.1589
-1.0314
-0.1397
1.0967
-1.5070
0.2493
0.2893
-2.0742
1.5122
-0.3547
-0.4383
-1.0899
-2.4867
1.6633
0.2200
-1.1525
0.4764
-0.5843
0.5843
-0.8310
-1.4757
1.0492
-0.4697
-0.2377
-0.1501
-0.2729
-6.440e-02
0.4570
-0.5794
1.3858
0.4234
-1.0944
-0.3375
-1.0638
1.443e-02
-1.2209
0.2397
1.0079
-0.1125
-0.2965
-0.2218
0.8874
-1.2267
-0.4654
0.1631
1.1734
-0.1439
-1.5955
-0.6904
0.4872
-1.6715
0.8113
1.0664
1.0154
-1.2633
1.3494
3.246e-02
0.3540
-0.8339
-0.3891
-0.4602
0.2485
-1.3285
-0.3723
1.3992
0.5392
-2.139e-02
5.192e-02
0.2626
-3.440e-02
0.7530
6.207e-02
-0.2432
-0.4678
-0.5257
1.4387
-1.8687
0.6666
4.062e-02
2.2932
-0.5050
-0.4200
-2.0992
0.1202
-8.182e-02
1.9479
1.1677
0.4681
-0.6536
-1.1842
-0.3366
-0.7147
1.1146
0.4364
-1.3023
-1.2997
-0.3522
0.2188
-0.9293
-0.1974
-1.5665
0.9517
-0.6501
-4.287e-02
1.1522
-0.4040
-1.7170
-0.2063
-0.1895
-0.7054
-0.8515
-0.1932
0.3780
-4.413e-02
0.9249
-1.4301
2.2259
-1.6803
0.6570
0.2046
1.5343
1.2982
-0.8668
1.2284
-2.0795
-0.8681
-0.8491
0.4500
0.2495
-1.0483
0.2435
1.1213
0.1023
0.4388
0.4052
0.1936
-0.2376
0.7536
-0.9395
0.6555
-0.1163
-1.0743
-0.8766
1.2416
-2.0380
-0.6308
0.9863
1.0237
-0.1091
0.5142
-0.6780
9.139e-02
1.0109
0.4342
1.6973
-0.7307
-2.583e-02
-1.9325
-1.9186
-1.1644
-0.4549
-0.9407
1.6176
0.2491
0.4334
-0.3425
0.6032
-1.0733
-0.8572
-0.5632
-0.2842
0.4190
1.5054
-0.5532
-0.5836
1.9862
-0.1478
0.4337
-6.336e-02
0.2423
-0.2136
1.8446
-0.4882
-0.3616
-0.1159
0.8241
-1.2328
-0.4768
1.4828
-0.9060
0.1823
0.4624
