5.6455
0.8723
4.5404
-0.1048
5.2206
-0.4507
0.9579
-1.5307
-0.4915
4.4550
6.4837
-1.5274
7.5910
-1.5744
0.4756
0.9004
4.2590
4.4700
4.8008
7.1215
6.1158
0.4962
-1.2009
5.5148
-2.018e-02
0.3483
4.9578
4.1351
3.5888
3.9290
5.8787
4.9217
4.8860
0.9696
4.5218
0.2385
-0.6415
3.1230
1.2509
0.1904
6.0509
-1.5154
5.5123
6.2095
1.2383
-2.530e-02
6.5539
7.2832
6.7917
0.5053
-0.6834
-1.1932
0.8347
-0.4256
5.7948
4.1521
-1.0404
-0.6647
4.3098
7.9058
-1.7938
0.6009
4.4052
0.8090
4.9190
2.1998
-0.9455
0.1262
7.2174
-1.0770
1.9373
-0.3456
6.2370
-1.2162
0.1938
5.4927
5.2172
5.3455
6.3258
-9.504e-03
4.8619
-0.4279
-0.4832
0.1347
0.1900
-1.2886
5.3226
-0.4136
5.6945
5.2946
5.4353
2.0807
0.8217
-0.1179
3.4760
3.0588
-1.0650
7.0471
4.1526
4.3529
-1.3314
-1.0485
-4.141e-02
0.3393
-1.0071
6.5796
0.9259
-0.3745
0.4618
4.9390
-0.3549
3.9199
3.5323
0.7678
1.3144
-0.1901
-0.4106
1.6528
0.8485
1.4860
-1.7415
6.1949
-1.6785
6.5351
-0.9393
0.3767
5.0407
0.1102
0.2191
-0.7210
4.7654
5.1587
6.7485
-1.2015
5.4710
0.3644
-1.213e-02
6.0352
-6.468e-02
0.4649
6.4987
0.4676
1.3134
6.4201
-0.3967
-0.5425
3.8565
-0.9746
6.2070
5.5791
0.4028
5.6406
-0.6331
5.2523
5.9808
-1.4581
-0.2986
-0.9557
4.5429
2.4767
1.5039
1.4379
1.8419
6.5496
5.0506
-1.7096
-0.6711
4.0114
5.5136
3.165e-02
6.9021
-0.3905
0.2563
4.8151
-1.711e-02
4.6790
0.3269
0.7052
5.8139
4.8417
5.3989
-2.8453
0.3178
4.4985
4.9978
5.8250
5.9796
1.0655
3.0206
1.842e-02
3.4931
4.6680
0.3255
-3.555e-02
-1.4031
5.3273
0.8169
1.0159
0.6276
5.2727
0.7262
4.7576
5.6273
4.5098
-1.3029
-0.7732
-0.9068
-0.2253
4.8438
1.9758
0.3177
4.1593
8.354e-02
-0.3643
2.4010
6.8810
4.363e-02
0.5695
4.7394
-1.0431
5.1058
5.0389
1.6614
6.2792
5.3114
1.0941
0.1421
-0.1137
5.9747
5.214e-02
3.7611
6.3911
1.2788
5.8229
2.1385
5.1203
-1.0676
5.3799
3.2706
6.5998
3.4840
0.4276
7.360e-04
4.3386
-1.1417
1.9747
-2.3057
6.6041
1.1853
6.9389
3.6928
1.0641
5.7091
6.7108
-0.4990
0.4530
1.8673
-0.8065
5.7576
-0.4410
-2.6742
-0.1674
4.6735
0.6257
3.4907
-0.2716
6.0370
5.8343
-1.0128
5.3347
4.3021
-1.2116
1.0418
6.5463
-1.6392
0.6345
6.4824
3.8813
-1.2151
-0.6895
4.4391
4.2885
-0.7176
5.6349
4.8754
5.6590
-0.2552
5.6826
0.2125
0.4373
-1.1914
5.3917
4.4346
5.3332
0.4669
-0.1422
1.0410
-1.1632
0.7929
5.1371
2.8123
5.6981
-0.6903
4.1064
-0.5349
-0.3835
4.4659
4.8492
4.9893
1.3068
5.9784
-1.0394
0.7848
2.5877
5.9760
5.9139
5.7268
-0.9789
-1.4354
0.1204
5.2481
4.0170
6.4628
-0.1315
-2.8904
6.3250
6.0089
9.109e-02
-0.6735
1.3649
-1.3913
-0.2679
7.553e-02
6.0043
-0.8923
6.5430
4.9654
5.3379
7.5023
1.0311
-6.108e-02
5.1423
2.9546
-0.4313
0.9081
7.1981
4.5543
-0.3459
0.7312
4.9813
3.9155
6.0774
-0.2361
5.1345
4.5512
-0.7722
5.5253
0.3519
2.8947
5.5228
-1.3140
-1.5340
5.5475
-0.4386
0.9620
0.7109
0.5600
3.0473
-0.2260
6.3886
-1.0027
0.4072
2.6539
0.1173
4.3901
0.5993
6.5705
6.0987
5.0436
5.5497
5.6186
-0.3261
5.7325
6.3918
0.7249
2.1967
-0.1038
0.2628
2.7087
3.9792
0.3634
0.4673
-0.8082
6.6550
-9.491e-03
-0.1160
-0.4027
-1.6998
0.9790
-0.4949
0.2473
6.5652
6.7919
-0.8826
5.1697
0.6434
-3.530e-02
1.6390
-1.6507
5.9270
5.9978
4.6219
-0.3120
5.0112
6.1424
-0.5599
0.4705
5.7926
5.0433
6.7668
6.6986
5.0115
0.1448
0.4396
3.8030
5.4330
4.8269
5.8843
4.4716
4.8159
-1.7230
5.5007
5.1503
1.2734
0.3119
6.3550
0.8429
4.3542
-0.5755
-1.3964
2.6038
6.0656
-0.2555
1.5242
1.2703
5.5412
3.7350
6.4507
1.0363
5.1329
4.8825
5.0999
0.1902
3.5760
5.7518
0.4834
-0.9891
5.0285
1.9613
-0.7439
-0.1444
-0.1627
7.255e-02
4.7987
0.4003
0.5516
-1.7367
-2.2646
5.3825
6.3503
5.4259
6.2852
5.0561
2.8120
4.9424
1.0877
0.7958
0.5096
6.5428
-6.865e-02
5.1562
1.5526
-1.6277
1.5602
-0.1169
-0.6123
4.9721
9.191e-02
0.8396
4.1356
1.5193
-0.7160
0.1967
6.0226
6.2803
3.8001
-7.530e-02
3.0116
-0.4885
0.4843
1.0133
1.1166
5.4526
4.7174
-0.8050
5.0025
5.2550
3.7554
-0.1288
5.0572
-0.2564
0.5756
0.2948
-2.1899
5.1802
1.8912
5.8305
5.2204
-9.546e-02
-0.8557
7.4223
-1.1553
1.1763
0.3776
0.4893
5.9832
0.4851
1.5890
6.6430
-1.6882
5.4672
3.3477
-0.2002
-3.683e-02
5.0278
6.2593
0.2061
0.1733
3.2834
4.8651
5.8158
3.006e-02
-1.2462
0.2028
1.7956
1.4776
6.0751
5.7494
-0.3458
1.4799
4.4501
-6.736e-02
0.7745
5.2247
1.9483
1.0257
3.8155
-7.023e-02
4.1927
3.8454
5.0668
6.8859
-1.0152
-0.8430
4.1881
-2.1959
5.7674
5.6793
0.8369
4.4390
-1.4128
0.7003
1.2477
-0.2038
0.8568
-1.2422
3.9762
-0.1995
4.8729
3.2255
1.4628
-0.1553
4.5326
4.6243
-1.0113
7.161e-02
4.8196
-0.2676
6.9456
-0.3197
0.9882
0.3744
-1.4122
-1.0876
8.2406
5.1529
4.4229
-2.2743
4.5568
-0.7121
1.5868
4.8658
6.0290
4.6719
1.7488
5.0504
6.4814
3.9050
-4.375e-02
4.8293
-0.5403
0.9859
-0.7386
-2.1250
1.5298
6.4632
3.3892
5.9300
-1.3983
1.5769
1.1093
4.2501
6.1896
6.6774
-0.3927
4.8759
5.1109
0.3777
0.4951
-7.649e-02
1.4846
3.5613
-0.3567
-1.0191
0.1544
3.1095
5.8989
5.2788
4.3305
0.2281
-0.5682
0.9438
5.0912
1.3642
5.1866
5.0940
5.0475
0.5495
0.4076
5.9077
-0.3815
6.6397
6.1487
2.1758
0.5891
-1.5179
-0.8163
5.1581
2.7733
3.9267
6.452e-02
7.6238
5.9646
5.6451
6.4727
3.5988
5.5118
1.9845
-0.1682
-1.4447
-1.6948
5.4643
1.2160
5.3720
8.3853
-2.375e-02
3.6298
-1.2028
-0.2183
-1.5230
4.9787
-0.4539
5.3893
2.3328
7.0619
-1.3105
4.0809
4.2852
1.2260
5.8876
-0.1890
0.7018
5.0345
6.7452
1.6611
0.2269
-0.5291
0.3040
1.5153
1.3500
0.6021
5.4175
5.4334
-0.7029
4.7335
3.4132
1.0894
0.4198
-0.8766
0.9464
0.3107
5.6092
6.4284
0.9095
9.227e-02
4.4388
2.4843
1.8237
1.2979
1.4828
-1.3640
6.9695
-0.4818
4.4627
1.9357
6.7602
5.1198
1.6110
-0.7103
5.1514
6.1708
-0.4198
6.039e-02
5.4600
5.1809
5.9171
3.2444
0.5109
0.6197
0.5803
3.7492
3.6022
-0.4897
5.0162
-1.3053
-0.5763
6.0702
-1.4099
0.2876
-1.4150
1.6207
5.0249
4.2638
3.8568
-0.7319
6.9222
6.5169
-1.3607
0.7114
4.1848
5.1148
-0.2125
-0.3113
0.7566
-1.1394
1.1625
5.6359
-1.1555
-0.9642
4.6133
4.4284
4.3515
0.7317
1.7810
0.1232
1.4286
-1.4327
1.1015
6.3599
5.5573
-1.1851
4.2687
-0.2433
-0.9478
3.5246
8.192e-02
-0.1026
4.2892
0.5447
-0.8080
4.4550
4.2172
3.7173
6.4642
3.4179
1.0469
0.4712
5.5143
0.5701
6.2291
-0.1258
5.2600
-0.8012
6.6056
-1.7200
-1.4814
6.4871
0.2147
5.3597
6.8364
5.3547
5.0815
0.6476
0.1266
-0.2907
0.1012
5.5034
-0.7383
5.1756
3.8586
-0.7721
3.899e-02
4.8778
5.5788
-0.1888
5.8526
1.2238
-0.5833
-0.4510
-1.1393
-1.0884
4.2644
0.9103
5.6932
5.5737
5.8331
-0.7935
0.2338
6.1108
0.3783
-0.9423
-8.180e-02
4.6989
4.9291
6.9055
-1.5771
-1.1585
3.5409
-0.7150
4.4381
-0.3377
4.8067
-0.2774
5.1375
8.0068
0.5525
4.6623
-2.3185
1.6240
1.4148
2.1030
1.4284
-0.8812
1.0100
1.5564
-2.553e-02
1.4928
3.6918
5.5652
-0.7595
0.8354
1.7640
0.5558
-0.5521
-0.2580
9.408e-02
-0.6341
-2.076e-02
5.3855
0.3172
6.8470
5.5772
-0.3142
-0.5940
-0.5133
6.1667
1.3387
4.1678
0.3374
1.3841
5.1290
4.8952
5.4909
3.6597
3.701e-02
0.4640
4.3074
-0.1185
4.8963
6.3255
-1.0613
0.7279
4.2646
-0.4160
-0.6462
0.5204
5.2959
0.3054
5.6796
0.9577
6.2549
-0.9108
5.1753
-0.6566
1.4874
-0.5925
-0.1473
0.1608
6.0515
3.2747
9.729e-02
-0.6485
6.0832
5.6143
0.8411
7.1407
0.7085
6.5570
-0.9936
4.0895
-0.1665
5.4939
1.6125
4.7068
4.4178
5.3767
7.2764
1.2928
0.8703
-0.5205
1.1596
3.7866
2.8335
6.8633
0.4156
-0.3040
7.1869
5.4034
5.0426
6.5465
7.209e-02
-7.556e-02
5.8319
-0.6739
-1.1959
-1.2533
5.3651
1.0353
-0.3339
-1.2044
-0.6639
4.9955
-8.144e-02
-0.3832
3.5905
5.3633
6.1013
-0.7584
-1.0583
4.1105
-0.8792
5.7866
7.7345
-0.9670
-0.9151
2.7437
2.4951
-0.8188
4.5138
0.8258
5.6903
5.1742
5.8701
1.6727
0.8915
-9.721e-02
-1.2534
-0.5029
6.1381
5.1427
5.3264
5.8511
0.5340
4.6848
4.5044
2.9009
6.7351
4.9268
0.1194
0.7118
