0.2366
-0.9555
6.532e-02
1.7550
-0.5863
1.6347
0.4006
-2.612e-02
0.8208
-6.916e-02
0.7040
1.2229
0.3404
-0.6035
1.5734
-0.7848
-0.1836
-0.2109
-0.9772
0.1434
0.9121
0.5836
-0.9954
0.7773
-1.4364
2.492e-02
1.0031
0.7253
-0.7071
-0.4186
-2.0209
1.6695
-0.1183
0.6034
6.860e-02
-0.7257
0.8790
-1.0094
-1.2351
-0.3207
1.3595
-1.2556
0.2666
1.5357
0.7035
-0.2374
-0.1023
-1.1754
-0.4990
0.1972
0.4834
-1.0312
1.7881
-0.6670
0.1614
0.1409
1.0840
-0.9942
-0.7832
1.4679
1.6084
-0.6931
0.2637
-0.3318
-1.2229
-1.3559
1.2538
-1.6963
-0.1314
-1.6743
-0.1495
4.270e-02
-2.4369
-0.1849
1.4664
-0.2304
-1.2070
-0.2210
0.3699
1.0147
1.1079
9.550e-04
1.7607
0.8248
-1.9207
0.1642
-7.928e-02
-0.9376
0.4833
1.0871
-0.2245
1.2312
-1.1832
-0.5303
-0.2093
0.4243
-0.9113
-1.5923
0.3131
1.4551
1.1006
-0.5597
0.3483
0.4475
1.0699
0.5092
-2.2815
-0.1041
-0.5021
-0.6260
2.3393
1.6630
1.1274
-1.4138
-0.7568
0.4983
-0.8353
-0.3026
-0.8067
-0.1869
-1.8237
-0.1472
0.4827
0.7637
-1.7178
0.1618
-1.3820
-1.393e-03
-1.071e-02
0.4682
-0.9987
-1.4150
0.7745
1.4201
0.3323
0.3956
0.7686
-0.2856
-1.8245
1.4081
-9.370e-02
-0.3394
-5.716e-02
-0.3805
0.8662
1.4303
8.620e-02
-2.1714
0.3205
1.5099
0.5730
0.3838
-1.3335
-0.8205
1.3952
0.8430
1.2957
-1.2192
-2.1738
-0.5347
-0.7978
-0.6511
1.2171
0.3741
0.4303
-0.3945
0.7144
1.3490
-0.6222
1.4900
1.0292
-0.5440
-1.7387
1.1308
0.7162
2.155e-02
0.4987
1.1593
-0.2634
0.4416
0.1338
1.2663
-0.3057
0.6932
-1.8730
0.2594
-0.8009
1.0583
1.0307
0.8856
-0.1591
2.9783
-0.5545
-4.644e-02
1.2825
-0.4490
-0.3112
0.5223
1.4071
0.1254
8.992e-02
-2.0668
0.4432
0.4909
-0.1813
-0.2652
-1.5057
-1.3106
-1.4911
-6.916e-02
-2.2918
0.3483
-0.2880
-0.4377
-0.8432
0.7374
0.8486
-1.2218
-1.4150
-0.1829
0.8054
-1.2293
-1.6585
-0.1224
-0.4162
1.389e-02
-0.4347
-0.9836
0.4531
0.2261
0.1088
-1.1004
1.9606
-0.7749
-0.9644
0.5464
-1.0089
-0.3326
-0.3962
0.3344
1.3394
-1.3796
0.3317
0.5853
1.2343
0.1108
-0.1863
-0.5921
0.9381
0.7004
-0.9871
0.7305
-0.4489
1.4941
1.0938
0.3818
2.0848
-0.1170
-0.3743
0.1565
-0.6526
-1.3048
-2.2879
0.1797
2.3850
0.1831
-0.8560
-1.1047
-0.7717
0.4490
0.1272
-0.8382
0.4982
1.8257
0.4977
0.6299
5.472e-02
-0.6464
1.3693
-0.6855
1.7710
-0.8720
0.6577
0.4072
-0.3485
-0.2322
0.5372
-3.688e-02
1.5365
0.5215
0.2521
0.2546
0.6678
2.0266
-0.3391
-0.8474
0.3701
0.1224
-0.9510
-1.201e-02
0.4616
0.7969
0.9330
-0.3223
-0.8982
0.9101
-0.7807
-0.2561
0.7946
0.5107
0.5113
1.1003
1.5500
-7.649e-02
0.3857
0.8865
-0.1342
-1.4550
0.9381
2.9003
-0.4089
0.7920
1.2297
-1.2081
0.2161
5.737e-02
-0.7376
0.3650
0.4907
-0.7344
0.5650
1.7776
-1.3599
-0.4867
-0.2388
1.0411
-0.5570
-0.6044
-0.3481
0.8797
-0.7924
0.1273
-1.5947
-1.3557
-8.205e-02
-0.5502
1.5763
-0.6376
0.9883
1.2252
-6.339e-02
1.4706
-1.7845
-1.4515
1.4764
-0.2302
2.4365
0.2470
0.4026
-1.1508
-0.4591
0.5311
1.1198
1.9073
0.6790
0.9747
0.3717
0.8568
0.5541
0.3499
-0.4078
-1.5860
-0.4410
0.7653
0.3767
1.5114
-1.3196
0.1524
-0.3813
1.3646
1.0954
0.1212
0.9723
0.1704
-1.0286
1.2168
2.7914
4.358e-02
0.4100
0.5827
0.4733
-0.7589
0.1754
0.1117
-0.2359
-0.3725
-1.2579
1.0436
0.7969
-0.3055
0.4418
0.8002
2.0339
1.1643
-2.5019
-9.722e-02
-0.6515
0.3962
-0.7531
0.6291
0.7596
0.9588
-1.6048
-0.3751
-1.3182
1.0195
-0.9569
1.0739
1.2524
0.1768
0.2232
-0.2547
-0.9398
0.6797
-3.260e-02
0.9070
0.1405
-0.8809
-3.740e-02
0.5664
1.5387
1.6894
0.6592
1.0322
-1.6699
-1.1462
1.1691
2.0773
0.9534
-0.4576
0.3226
-1.0293
-0.4991
0.4355
1.7165
-0.2651
0.7316
2.7441
0.7158
-1.0022
-0.9647
0.2885
-1.5610
0.6928
0.2006
1.0403
-0.7841
-0.6324
1.9927
0.6233
0.6459
-1.1681
-1.2203
-1.483e-02
0.3196
1.5223
2.1083
0.6864
-0.2988
1.3561
-0.4736
-0.9878
-0.4358
0.6638
0.9561
-0.9274
-1.3302
-0.3081
-1.180e-02
-1.6221
1.3889
1.5461
-1.4398
-0.3982
1.4827
-0.4373
1.7874
-0.7506
0.3428
-0.8856
0.4982
-0.4514
0.9620
-7.292e-02
1.1745
-0.8200
-0.2255
-0.4094
-0.4598
3.1845
0.2639
-0.3056
1.0763
-1.3131
-0.7475
-1.4206
-0.2962
-0.2947
0.2173
0.6004
0.9007
-1.7704
-1.9901
0.7497
1.9957
-1.078e-03
-1.3064
0.3397
0.3112
-0.1969
-0.3321
-6.763e-02
1.7402
1.2575
-0.5520
-0.3028
0.9178
-4.371e-02
0.1746
1.1998
1.0181
1.0174
1.7694
1.1722
-0.9916
-0.3726
0.1713
-0.1539
-0.3068
1.1615
-0.7006
-0.3235
0.4388
0.7048
-0.7393
-0.2757
-0.2359
-1.3996
1.2983
-1.4274
0.5564
-0.9666
-1.2545
-0.4407
0.1841
-0.1397
1.6105
0.1762
1.4382
-0.2169
2.047e-02
0.7277
1.3196
-4.321e-02
1.0546
0.7460
0.5167
-1.0358
0.1586
1.5624
-1.577e-02
2.4924
0.2529
-0.1754
0.1448
0.8276
-0.5964
-0.5914
-0.3355
0.5546
-2.2858
-0.7347
-0.9757
-0.9680
8.450e-02
-0.2365
1.3621
-0.1902
-8.394e-02
-2.0240
-0.9189
-1.6075
0.4035
-0.4373
-0.2026
-1.231e-02
-2.0886
0.4446
-0.4664
0.6117
-0.6510
0.1528
-0.9554
0.3635
0.2031
-2.1357
0.5362
0.4424
-0.7282
-0.7242
-1.6440
4.067e-02
2.049e-02
0.8826
0.4547
-1.9317
-0.1017
-0.3586
0.6737
1.2739
-2.0369
-0.6922
0.6162
-0.2063
0.3701
-0.2027
-0.5562
-0.8858
2.0087
-0.9479
0.3123
-0.3504
1.1619
0.6491
0.3365
-2.4708
1.7798
-0.3825
-0.7110
-0.2572
-1.4546
-0.2901
0.3378
-0.3985
0.8700
0.6404
-0.7646
1.7002
1.0435
7.472e-02
0.5591
-0.8177
1.3420
-0.9650
2.3779
0.4110
-1.749e-02
-2.5001
-1.2517
-0.2787
-0.1426
-0.6449
0.1853
0.7554
-0.4292
1.9036
0.3707
-2.2100
0.1234
-2.0468
3.375e-02
-1.9739
-0.4256
1.7091
-0.3868
0.1991
1.8212
0.8094
-0.1528
5.112e-03
0.8006
0.2073
-0.9667
-1.9717
-1.6315
-0.7238
1.3779
-2.4028
-3.957e-02
-0.7103
-0.8684
-1.5265
-1.7502
-0.5821
-0.9869
-0.6959
-1.2171
1.3846
-0.4209
-3.339e-02
-1.3320
-8.640e-02
1.0139
-1.1980
-1.1705
1.1885
0.6776
-0.5828
-0.8187
-0.9652
1.8527
1.4518
0.3741
-0.8918
-0.5273
0.5349
-0.9566
0.2006
-0.9137
-0.2054
1.4368
-0.8665
0.5073
0.4475
-1.7813
6.982e-02
-1.6284
0.8450
-0.1478
-0.1796
1.2669
-0.1150
-1.9411
-0.9855
0.1017
-0.6791
-0.5741
0.4224
0.5952
-0.3865
1.3679
-1.1525
-1.5216
-0.8959
1.0056
-0.9399
-1.0030
0.1629
1.0006
-1.8686
-9.927e-02
1.0058
0.3891
0.1267
-0.8739
-0.3017
-0.4720
-0.5620
-0.5229
1.2944
-1.5332
0.1693
0.1021
-0.9014
0.2148
0.2870
-0.7845
-6.986e-02
-1.3481
-0.6505
8.265e-02
0.2351
0.2179
1.6616
-0.8234
-0.2495
0.1388
-0.1418
-0.1807
-0.5913
-0.8143
1.0901
1.1771
0.1259
-1.5409
-0.7364
0.1977
-0.6352
-1.0369
0.9898
2.4836
1.8957
-0.7212
-0.2067
-2.250e-02
1.6854
-5.613e-02
-0.1703
-6.220e-02
-1.7226
-1.0432
0.2701
0.3511
-0.9105
1.1826
1.3209
-1.1038
-4.665e-03
1.3544
-6.440e-03
0.1791
-1.0439
-1.5123
-0.5211
2.0455
0.4094
0.9200
-0.5987
0.2105
-0.8093
0.2172
-0.7463
5.519e-02
-1.0276
0.1445
0.1586
-0.8683
-0.4305
-0.6681
-0.3881
0.1222
7.872e-02
-1.8927
1.5799
-2.1591
1.6782
-0.1546
-8.774e-02
-0.4516
0.1317
-0.8670
-1.5071
0.2327
0.2518
-1.9307
-0.8143
0.4364
-0.1443
1.8367
1.7140
-0.1357
-0.8880
0.9183
-1.1218
0.1865
-0.8020
-1.0294
3.685e-02
1.1426
0.1045
-0.4995
-0.2432
0.1474
-1.0485
-0.2832
1.2081
1.2220
-1.1066
1.4077
1.0396
0.8703
-1.1423
-0.2486
-0.3248
-0.2804
0.7846
-0.9658
-1.5879
-0.2956
1.1203
-1.720e-03
-1.7481
-1.8207
1.2514
2.3020
-1.4829
0.3414
-0.5539
2.5693
0.6323
-9.923e-02
-0.3110
-0.1544
0.5136
0.1200
-0.3053
-0.2146
0.2842
-1.2163
0.2428
1.4563
0.2922
1.0135
2.955e-02
0.3815
-1.8280
-0.1225
-0.3918
0.4350
1.6402
0.3128
-0.9257
-1.1501
-0.5180
-0.7165
0.7782
0.6672
-0.3545
0.7330
-0.6825
-0.1145
-0.3128
-1.0702
0.9445
0.6277
-0.7736
1.3383
0.6178
-0.4436
2.1280
0.6783
-1.538e-02
-0.6748
1.199e-02
-1.0843
0.7101
1.8427
-1.1087
-1.2398
2.964e-02
-0.4060
-5.605e-02
-0.1271
0.5102
-0.6945
-0.6573
0.9177
-0.4388
3.740e-02
0.1440
-1.8891
0.8588
-0.6839
-2.4011
-0.4882
0.2273
-0.4271
0.2162
0.8217
-1.6764
-0.6581
-0.9409
-1.1549
-0.9317
2.2339
-0.2793
-2.2515
1.5324
-1.0472
-0.8492
4.490e-02
-0.9505
0.3671
-0.9791
1.7518
0.4429
-0.5213
1.2431
-1.6240
-0.2866
0.1025
-2.2900
0.1680
-0.8795
1.5099
1.0388
0.2272
-0.2489
-1.8316
-0.2849
1.4491
1.4499
-9.014e-03
-0.7079
-0.6941
0.5178
-1.0513
1.3909
0.4680
4.437e-02
