-1.5184
-1.0831
-1.4925
0.6044
1.4260
0.1314
5.825e-02
-0.6789
-1.5786
-1.0703
0.2868
0.3895
-1.4144
-0.1700
-2.1484
-0.3916
-0.7987
0.5223
0.2287
0.7575
1.0202
-0.2262
0.8808
-1.3562
-1.0147
0.5585
-1.6797
0.1107
-0.6527
1.735e-02
-0.3298
0.1091
0.7702
-0.2418
-0.1586
6.367e-02
-0.7958
-0.8343
-1.0726
0.3152
8.829e-03
1.0476
0.3846
-0.6537
1.3487
0.4246
0.7945
2.1828
0.4176
-1.2088
0.1407
-0.1342
-0.2703
0.5866
1.8249
-0.7962
0.9921
0.8057
-0.5903
0.2286
-1.2107
-1.3190
-2.2437
-4.235e-02
-5.279e-02
-2.9240
0.4517
1.6024
0.1091
-0.1367
-1.8334
-1.0938
-0.9081
-1.0513
-0.4278
-0.5122
-2.5785
0.8452
-3.373e-02
1.0133
-0.2310
0.2191
-1.5281
2.371e-02
-0.4620
-0.9418
0.2760
1.2100
2.4219
0.6531
-0.4270
0.6612
-1.4098
0.8355
-1.6357
0.5774
0.9613
-2.167e-02
1.1555
-0.8783
-8.229e-02
0.4568
0.5699
-1.2788
0.3845
-0.1480
0.8825
-1.3338
-7.147e-02
-1.5255
0.4960
-0.6757
-0.4064
2.994e-02
0.9857
-1.3528
-0.9975
0.1107
0.3981
0.4780
0.3408
0.2866
0.8943
-1.3136
0.9059
-0.7501
2.296e-03
1.5818
-1.5710
1.4777
0.6541
-0.2666
0.7200
8.986e-02
1.8705
-1.2881
0.9035
0.7382
1.2216
3.2300
0.4217
0.2877
8.569e-02
0.8839
-0.5832
-0.9128
-1.3489
-0.4022
-1.5261
0.5942
1.0217
0.2116
-1.1570
-0.4663
-1.8796
0.8700
1.3881
8.423e-02
-1.7861
0.9139
-0.4593
0.6207
1.2040
1.6004
0.6763
-0.5140
-1.8722
0.6431
-1.5006
0.4970
-4.419e-03
-0.4685
1.0394
1.4735
-7.689e-02
0.3636
-1.3949
-0.6752
-0.4556
-0.5682
1.4421
1.0846
0.1970
0.7084
-0.1635
1.7799
-0.2360
-0.7460
-1.1487
-1.2668
1.4641
0.4670
1.6903
-1.2367
-0.6374
-0.2375
-1.1687
-0.7249
1.7451
-0.3007
-5.070e-03
-0.4124
-1.957e-02
-1.2943
0.3136
-0.7900
0.1959
-0.2078
-0.6363
-0.6741
-0.7096
-0.7420
-1.8821
1.5169
0.1729
-1.2807
-1.1977
-0.1749
-0.8424
-1.4803
-0.3021
-0.5178
0.7765
0.8167
-0.5248
-0.3567
-6.344e-02
-0.2112
-0.1861
-0.2052
-1.6419
-1.5715
-0.5119
1.1271
-0.2136
-0.6172
-1.1370
-2.730e-02
-1.5575
-0.6248
6.075e-02
-0.3012
-0.7965
0.5402
-0.3052
-0.5155
5.169e-02
2.3537
-1.0416
-0.2380
0.9165
-0.5629
0.2783
-1.4725
0.2544
0.5015
0.3907
-0.4032
-0.3484
0.2105
-0.5133
-1.2052
1.7643
8.219e-02
0.4510
-0.2281
-1.4124
6.394e-02
0.6232
-0.2557
0.2672
0.1442
2.2660
-0.2867
0.4001
-0.1385
-4.970e-02
0.2280
-0.2154
-0.7331
0.5823
1.4588
-1.2120
-0.9680
-0.5340
-0.9967
-1.2867
-0.8290
-0.9580
-0.9297
2.1881
-0.5241
1.4317
0.2469
0.8793
0.6518
-1.6919
-0.5256
-0.7099
-0.6374
1.3766
0.4921
-0.5762
0.6213
0.6011
-0.5609
0.5372
-1.0622
-0.8725
-1.0403
0.6685
0.1272
0.3804
-1.3117
0.1208
0.8247
-0.4179
1.1254
-1.2942
0.8197
-9.788e-02
0.8500
0.7108
1.4457
-0.5106
1.0574
-0.3301
-1.2645
-1.7560
1.4659
-0.7575
1.6898
0.9804
-0.4243
-1.6716
-0.5066
0.1791
1.2226
-0.2072
0.5843
1.5777
1.0855
0.4199
1.4670
0.1566
1.9427
6.234e-02
0.1788
0.7300
-1.5191
7.640e-02
0.1708
-0.6737
0.2860
-0.8004
2.828e-02
0.8439
-0.8690
0.2907
-1.1250
0.6431
-9.503e-02
2.913e-02
-1.5312
1.2522
0.2279
-9.843e-02
-2.1531
-0.4751
-0.6604
-0.4256
0.8108
-3.714e-02
-0.2756
1.3615
0.1396
0.3414
0.7125
-0.6132
5.423e-02
0.2923
0.2170
1.4607
-0.1121
0.8560
-0.1077
2.347e-03
-0.3834
0.2295
-6.613e-03
0.5609
0.7438
-0.8485
-0.5116
-2.3963
-0.5169
-0.3417
0.3245
-1.035e-02
0.5102
-0.4711
-1.0741
1.0750
-0.2897
0.8737
0.9836
-1.3956
3.157e-02
-0.3551
-0.4621
-0.3768
-0.5406
0.3755
-1.3325
-0.1511
0.2178
7.992e-02
0.5080
1.4562
0.7650
-0.1393
0.1796
0.7852
0.1673
-0.1995
-0.6381
-0.2591
1.0807
-0.7182
0.5503
1.4301
-1.3498
-0.4239
0.6196
4.0364
-1.3100
0.2958
0.5922
0.7584
0.6199
1.0259
7.943e-02
-0.2148
-0.6792
-0.6113
-1.6477
0.6494
1.1013
-0.2309
-0.6715
1.6677
-1.1840
0.8645
0.4276
-0.1256
0.7100
-0.9182
1.6574
2.302e-02
3.219e-02
-0.5925
0.5151
0.5203
-0.9372
1.4404
-6.462e-02
0.5472
0.2335
1.5358
-0.3788
1.7879
-1.7879
3.575e-02
1.1184
-1.4429
-1.1067
0.7554
2.2140
-9.549e-02
0.4377
0.2443
1.3871
1.2501
-1.3684
0.5678
0.8787
-0.7036
0.3792
0.6063
0.9482
1.0764
-1.932e-02
-0.6568
0.9388
-0.9130
-0.5307
1.2476
0.7851
-8.813e-02
0.2970
0.2252
1.0135
-1.3339
-0.6430
0.4724
2.1970
-0.2399
-0.6224
-4.298e-02
0.3351
-0.2302
-1.1080
1.3832
0.2339
1.2099
-8.200e-03
-0.8682
1.3494
5.977e-02
-1.2570
0.4706
0.1012
-0.5553
0.2851
-1.6419
-0.2829
0.4847
0.9318
-2.0757
0.1042
1.5751
0.4487
0.5954
-0.3487
-0.6732
-0.6414
-1.3170
1.3613
-0.6408
0.6160
-1.4097
1.1804
3.228e-02
1.9497
-2.2460
-9.330e-02
-0.3501
0.8448
1.0509
-1.2905
-0.1670
1.6289
-1.0235
0.6691
2.2836
1.5039
-0.9815
-0.6139
0.8313
-1.7319
-0.1354
0.3036
0.5191
6.751e-03
0.8068
0.9123
1.970e-02
-0.7387
-3.690e-02
-0.1728
0.8059
0.7995
2.147e-02
-0.9539
0.4209
-1.0792
-0.2058
-0.8850
0.7709
-0.1445
0.1439
-0.1591
-0.8906
-0.2371
1.0806
-1.1918
0.6824
0.9537
-0.8324
-1.5144
-0.6804
0.3269
-5.347e-02
-8.595e-02
0.8363
0.5130
0.6953
0.9036
0.8779
0.2634
-0.8019
-1.5760
1.1515
-0.9533
1.7471
0.4173
-0.1913
1.2749
-0.8780
0.3682
0.8591
3.775e-02
-0.5187
-0.5593
-0.8565
-0.2148
-0.3818
0.3739
1.5228
-0.2743
-1.1830
-3.107e-02
0.3717
0.5043
-0.4944
1.0447
0.7946
-1.3078
-1.7402
1.0020
-1.7736
0.3980
1.3380
-0.5500
-0.1471
-0.3719
-0.9411
-2.178e-02
0.1884
0.5651
0.7992
-0.1634
-0.1608
-0.6134
-1.4986
1.4144
0.2341
0.1179
-1.4343
2.0786
-0.7764
-0.5499
-0.1451
0.3878
0.9109
-1.2775
-2.962e-02
8.355e-02
-0.1488
-1.4724
2.1712
2.2334
-0.2302
-2.977e-02
0.1730
0.4077
-0.1559
-0.5975
0.6152
-1.8983
0.2831
0.1835
-0.2166
0.8344
0.8951
1.1987
-0.2129
-0.3621
0.4682
0.3816
0.3202
0.9787
-1.0254
-0.7265
1.2452
0.4539
-1.3460
-1.4028
-0.4172
1.0136
1.2476
1.4162
0.7997
-0.4323
-0.7378
1.4495
-0.5633
-1.9231
0.9243
1.4043
-2.6096
-0.3134
-6.056e-03
-0.5057
-0.8864
1.3321
-0.4505
-0.9443
-1.0310
1.2222
0.1211
-1.7282
-0.4082
0.2693
0.9556
-1.0456
1.0666
-1.3581
0.1608
-0.8657
0.5736
-1.2056
1.0448
-1.0674
-0.2472
-4.251e-02
-1.1437
-0.6141
-0.5901
0.3516
9.392e-02
0.4011
0.7385
1.5492
1.4402
0.7725
1.5686
-0.4415
0.4832
0.2859
0.5121
0.6221
1.6810
-1.7385
-0.1133
-0.1088
6.400e-02
1.5242
-1.0230
-1.4358
0.2094
0.7912
-0.9062
0.2945
-1.2265
-1.1803
0.4827
-5.813e-02
-0.6576
0.1152
-0.9627
1.7428
-0.4171
-0.7341
0.2677
-1.2828
1.1459
-0.6771
0.4526
-0.6231
9.415e-02
-1.7340
0.4517
1.5019
0.1972
-0.5089
-0.4967
1.3658
-2.3011
-1.5043
-0.4126
0.9829
-0.8472
0.3301
0.2406
-4.740e-02
1.8756
0.4942
2.4058
-0.9711
0.9268
0.2297
1.0905
0.4730
1.2000
-0.8020
0.6434
0.2819
-1.4911
-9.039e-02
-0.2246
-1.1954
0.3032
-0.7117
-1.5502
-0.1255
-0.7828
0.2467
-1.6627
0.2293
-0.7593
0.2005
-0.5092
-1.2527
-1.3355
-0.7474
0.1409
0.5633
-0.3888
1.3120
0.7124
-0.6475
-2.3061
1.5527
0.8366
-1.9042
-0.6702
0.6709
1.0291
0.4841
0.6954
-5.970e-03
0.5214
-0.6654
0.6893
-0.6266
-0.2643
0.9110
0.5943
0.4730
-0.7401
0.4075
0.9261
-0.1098
0.8374
0.4649
0.9954
-1.1381
-0.8329
-0.7684
2.1112
-0.7791
-0.5356
-4.658e-02
4.708e-02
9.674e-02
0.3283
-0.9676
-0.6937
3.642e-02
0.1838
0.8468
-0.8853
-0.7057
-1.3571
-0.2224
0.1119
1.3036
0.9014
0.1450
0.2681
-1.5785
0.7522
0.3965
-1.1960
0.3169
1.1572
-1.3795
1.9197
-0.2506
-1.8385
0.7542
-1.8479
-1.4061
5.522e-02
-0.3279
0.8336
2.0343
0.1407
-1.1467
0.2625
1.5795
-0.5462
1.5759
0.1492
-0.9626
3.760e-02
1.2178
0.8555
-0.8389
1.2988
-1.9236
0.5749
-1.5726
0.7195
-0.5038
-1.7907
-0.8802
-0.3254
0.5884
-0.4402
9.460e-02
2.2489
-1.1938
-0.6037
1.0892
-0.2207
0.8722
-0.7829
0.1524
-0.7315
0.3098
0.7456
1.7497
-0.1527
0.2403
-0.9651
5.140e-02
0.4092
-0.4554
-0.4432
0.9940
-0.2862
-0.5582
1.0916
0.9058
0.6649
1.4987
1.8783
0.7928
0.6568
1.9026
-1.3634
0.8850
-1.4335
-0.6379
-0.3043
-0.6287
-0.2964
0.8413
1.3267
0.4655
0.1329
0.1739
-0.9506
0.2624
-0.6674
-4.398e-02
-0.2340
1.3152
-0.6019
1.5270
-0.1509
0.8754
2.0238
-0.8537
0.4291
-1.2666
1.0519
-0.4153
-0.4462
-0.7076
-0.4943
2.1794
-0.5117
0.6546
-0.9893
-0.3859
-0.2972
-1.3774
0.1793
0.6583
-0.1312
-0.4921
0.2969
-0.3040
-0.8338
-5.602e-02
0.8927
1.6404
0.9681
1.2225
2.7919
0.2727
2.0383
0.6493
-0.1569
1.9947
0.8429
0.6271
