0.8256
1.6934
-1.1870
1.5237
-4.189e-02
2.1124
0.5411
0.4939
9.161e-02
-0.9356
-6.140e-04
0.1904
0.9060
0.8007
1.2573
-3.614e-02
1.1150
0.6733
0.6142
0.1999
1.3901
0.3087
-7.565e-02
0.4830
4.748e-02
-0.2213
0.4317
-0.8826
2.2150
-6.810e-02
2.0711
-1.2813
-1.0900
-0.4903
0.3947
-1.3022
1.7279
0.8661
-1.5887
0.8362
-1.5509
-0.1106
-0.9487
0.3603
0.4887
1.1516
0.9026
-0.7031
-0.9358
1.0956
-8.179e-02
0.9152
-1.0353
0.4499
-1.2183
-0.8287
1.1424
0.8292
-1.2361
-1.2830
0.3685
-1.0422
1.1184
-1.2776
-0.8620
0.5452
-0.2184
-1.2007
-1.8648
0.9938
-1.8200
1.3451
-1.0818
0.9017
-0.9163
1.1026
2.4515
-0.6143
-0.3469
0.9929
0.1712
-0.2081
0.1271
-1.2027
-1.1250
-2.3102
-1.1405
-0.4084
0.4136
1.3146
0.2406
-1.6521
-0.6296
0.3424
0.5547
6.278e-02
0.7746
-0.3860
-0.8215
0.3749
-1.9171
0.1678
-1.5704
0.4351
-1.4256
0.3010
-0.5969
0.9209
-0.1817
6.803e-02
0.4416
0.9125
0.6023
-0.6034
0.4215
-1.1476
0.5728
-1.2155
-7.229e-02
-0.8653
0.9834
-0.1929
0.7156
1.2982
0.7640
0.8536
-9.218e-02
-0.5411
-1.1965
0.9714
2.4487
-4.615e-02
-0.1649
0.2551
-0.9212
-1.1013
6.218e-02
0.3528
-0.9008
-0.2871
-0.1418
-0.1684
0.5197
1.1911
-0.9092
-1.0557
-2.6855
-0.9613
-1.0883
-1.3997
-0.6124
0.2055
1.5796
-2.921e-02
0.1399
-0.3356
-0.8601
-0.5257
1.1638
-2.1768
-0.3479
0.4287
0.6366
1.0640
0.5052
0.4409
0.5900
-0.5270
-3.2645
1.9120
-0.4618
0.8428
0.5575
-0.4901
1.0256
0.3329
-2.2669
0.9028
1.8858
0.7170
0.5526
-0.4553
-0.6554
0.2231
-2.901e-02
-0.2245
0.5509
-0.1865
0.7222
0.5877
0.1776
0.9972
0.1195
-0.6216
-0.2429
0.8556
0.1758
-0.1240
-0.4433
0.2837
-2.2913
0.1788
5.164e-03
-0.5453
-0.5891
-0.2162
-1.0683
-1.6112
0.7413
-1.0736
-0.3507
-0.5363
-0.5862
-0.7072
-3.742e-02
-0.6695
0.7410
4.728e-02
-0.6615
-0.2923
2.4166
1.8815
1.2380
0.7458
-2.197e-02
-1.0520
-0.6092
-0.4649
-1.7662
-0.9627
-0.9211
0.9740
-1.3270
0.2738
-0.3950
-0.6002
0.4316
-1.2404
0.9938
1.2711
3.233e-02
-0.8501
0.1043
-0.2238
2.2729
-0.7654
0.3126
-0.5980
0.2302
1.0254
-0.4582
0.2755
-0.9545
-0.1427
-1.0713
-0.3426
-0.3654
-0.9194
0.8919
-0.1230
-0.2727
-0.6937
-1.3371
0.5643
0.2007
0.2667
-1.0968
-1.1703
-1.8149
1.1054
-1.699e-02
-0.7676
0.2136
-0.4828
-1.3484
-2.0147
0.3916
0.3098
0.2269
1.5253
-0.3113
0.4492
0.5418
-0.3773
-4.415e-02
-0.9190
0.6842
-0.4332
9.697e-02
0.5446
0.3790
1.8677
-0.2960
5.201e-02
1.6260
-2.1222
1.8212
-0.9527
-0.5930
-0.6582
-1.3707
-0.1753
1.7849
0.4948
-1.1766
0.2153
0.2127
-0.2320
1.5276
-0.5635
-1.3986
1.3075
1.4158
-1.2974
1.0490
-0.2360
-0.3466
0.7238
-1.0848
0.1579
0.6850
0.7972
-0.1011
-0.6644
-0.3704
-0.4890
1.4647
-1.5102
1.8073
-0.4991
1.0139
-2.7056
1.0194
0.3390
-0.4856
-1.2930
0.1962
-0.9921
-0.1109
0.9709
-0.1344
-1.146e-02
-0.3286
-0.4036
-0.9745
-0.3962
0.3596
-9.717e-02
-0.1855
2.6869
0.6122
-0.7325
0.3086
0.8631
-0.4972
0.1899
-1.7527
0.1536
0.4313
-1.6943
-2.871e-02
0.1595
1.2541
-0.9505
0.2340
6.878e-02
-0.3374
-0.5012
-1.7124
-3.5352
0.7804
-0.6646
0.5543
0.9551
0.3102
-1.9937
1.7169
-0.6589
-0.5972
1.1511
1.5756
-1.8598
-0.1484
1.2042
1.5184
0.1630
0.9418
-1.864e-02
-2.0371
-0.1171
0.2751
-0.8973
1.0648
-0.8736
0.2087
-0.1111
1.3499
1.4763
-0.4973
-1.6074
-0.2654
0.8998
-0.6994
-0.3209
0.2889
-0.1980
-1.1079
0.7331
0.3787
-0.5448
-1.1082
0.4120
-0.1084
-0.6607
-1.399e-02
-0.6151
-0.6330
-0.5260
-0.3079
-0.7882
-1.449e-03
0.4805
0.6011
-0.7565
-0.5324
-1.9804
-0.6689
9.497e-02
0.1178
0.3564
0.2446
0.3249
2.1287
0.6934
-0.3972
2.782e-02
0.5677
1.263e-02
0.2306
-1.0632
0.1408
0.2498
-0.7864
-0.8115
-0.2408
1.1664
-0.6126
-0.5174
-0.2085
1.2695
-0.6715
-0.5625
0.5692
0.8679
0.8980
0.7235
0.1484
0.5310
0.9158
0.8594
0.5747
0.4392
-0.6062
0.7963
-0.4879
0.7495
0.5943
-0.6754
-1.1899
0.8224
-0.9704
0.5742
0.1809
-2.2073
0.6653
1.8003
4.344e-02
-0.2662
7.886e-02
1.6011
-0.7229
-0.8040
7.382e-02
-0.4230
-0.1915
-1.4119
0.7717
1.3581
-0.5520
9.759e-02
0.5793
0.7194
-2.083e-02
0.5692
-0.8822
-1.1232
0.3166
0.6854
-0.6237
-0.8626
2.1025
0.3996
-0.4675
-1.4770
0.8860
-2.0220
-2.4003
1.5462
-0.5758
-0.1527
-2.2315
0.2750
-1.3554
0.7111
1.509e-02
-9.993e-02
-0.7365
-1.9934
-1.0059
1.1134
0.6865
0.2010
0.3238
7.092e-02
0.1179
-1.6797
0.4716
-0.5152
0.6618
-0.6612
-0.9927
-1.7639
0.2458
1.0889
0.8710
0.3181
-0.7784
-0.7824
-0.3422
0.3224
-1.4311
-0.4863
-0.2056
1.3650
-0.1881
0.8904
-1.1666
-0.2287
1.2967
-0.1418
-0.6207
0.4305
-1.6396
1.1601
-0.3695
-1.0219
0.4452
-0.5465
-0.4996
-1.1529
1.740e-03
0.6718
-0.4999
-0.1327
0.6584
-1.6430
0.6976
1.4158
-1.1433
0.2157
1.9116
0.7943
-0.1555
1.3475
-0.4360
-0.7035
-0.3549
-0.1023
-1.4421
-0.6826
0.2703
7.697e-02
0.2399
1.6329
8.375e-02
0.1156
0.2902
-0.1361
1.8649
-0.7064
-1.0265
-0.9600
-1.1615
-0.3950
-0.8580
-0.4207
0.9317
-0.1923
0.2590
0.8798
0.3222
0.6079
-1.0145
-0.8766
-0.4809
-0.3512
0.5556
0.2183
0.1299
0.7812
-0.1785
-2.933e-02
0.5924
0.2648
0.3609
-0.3180
0.1983
-0.9778
-2.1417
0.4846
0.2350
-0.1434
0.6220
4.570e-02
-0.8635
0.3776
-0.2634
-1.1924
-0.8647
1.6628
-2.3363
1.8031
0.7393
-0.2126
-0.1232
0.1633
-0.2888
0.1956
-0.8302
0.6122
0.1791
0.1155
-0.8042
-1.338e-02
0.9680
-0.1791
-0.5668
1.0707
0.6706
1.2731
-1.4871
-2.1430
1.0550
-1.8697
0.6399
0.5848
-0.2492
0.4152
9.384e-02
-0.7759
0.5468
0.5554
0.9125
0.6852
0.2182
1.0710
-1.4482
-0.2000
-0.7788
-0.9900
-1.3294
0.4766
0.4152
0.5402
-0.7486
1.3485
-1.2626
-9.972e-02
-1.5827
-0.4242
0.2780
0.2251
1.986e-02
0.9976
0.4693
-1.8735
1.2596
-1.0513
-0.7094
-0.6250
1.7617
-6.099e-02
-1.137e-02
0.1961
-0.4422
1.9151
0.4987
-1.3979
4.490e-02
0.5404
0.4557
-6.358e-02
0.3608
-0.4742
-3.349e-02
0.1441
1.0752
3.963e-02
-1.3735
0.3249
0.5555
-0.4278
-1.2025
2.4513
6.941e-02
0.7166
0.3888
-1.0750
-0.4690
-0.5843
-0.2933
-0.2357
0.2040
0.8554
-2.0969
4.674e-02
1.1348
-0.1871
0.7537
-1.1794
-1.0792
1.9076
-0.7589
-0.4181
-0.9145
-0.4086
0.5818
1.7075
-1.6040
0.6380
1.5482
1.7242
0.3591
-0.5171
-0.1819
-5.928e-02
1.4764
0.1158
-0.3853
-0.2940
-0.6875
-0.4720
0.1318
-1.8986
1.4386
-1.6136
-0.5480
-0.8622
-0.6819
-0.2706
-1.2464
-0.5493
-1.5037
7.309e-02
0.6806
-0.6690
-1.9834
0.4902
-1.2571
-1.3149
0.8273
-0.2551
0.8075
1.0871
-1.7055
-0.1673
-1.4810
-0.7524
1.7821
-0.6551
0.5777
-1.1489
0.8506
-0.9241
6.034e-02
-0.3259
-0.7192
1.7945
-1.3663
1.3628
-0.2159
-0.1034
0.7842
-0.5482
1.2540
0.4582
-2.075e-02
-1.0959
-0.2247
0.2209
-3.938e-02
-0.6303
-0.4535
-0.5497
1.4140
-8.906e-02
0.2146
-0.6608
0.8267
-0.3884
1.7091
3.2206
0.1922
-1.5809
0.3130
-0.4434
-0.6213
-0.7847
1.2204
0.4789
0.1947
0.2089
0.6873
0.2709
-0.7123
0.3983
-1.4202
0.7622
1.1854
-0.2747
-0.3444
-1.9104
-0.3128
1.9557
-0.2423
-1.7472
-8.777e-02
-0.2748
-0.2057
1.0997
5.495e-02
0.5166
-0.6326
-0.2861
-0.6779
-0.2378
3.156e-02
1.0048
0.1280
-4.157e-02
0.3451
0.5307
0.6136
-1.6008
2.034e-02
-2.7280
0.5280
-0.7597
0.5636
-1.1228
-0.2419
1.3008
-0.6612
0.9857
0.6761
0.4565
1.6824
-1.1081
0.8460
1.0384
0.6922
0.9127
-0.3259
-0.2213
0.2224
-0.5391
1.7189
-1.7700
0.5528
0.1000
-1.8500
0.3724
0.4016
0.3355
0.5256
6.412e-02
1.0493
0.7636
1.6067
-0.5962
-0.6086
-0.6949
0.6517
0.1645
-0.2525
2.2713
-0.5593
-1.1616
-2.3310
-1.2223
-0.1482
-0.8850
1.696e-02
-0.2425
3.0534
-1.8079
0.3547
1.2396
-0.4669
-5.053e-02
0.9082
1.1291
1.3461
0.3488
0.4066
0.5269
-0.6569
0.3542
-0.8293
2.3296
-0.5141
1.0370
0.7058
0.6085
-0.7894
-0.9401
0.3255
0.2840
-1.3649
-0.6549
-0.5037
0.8598
-1.0559
-0.5808
-0.5979
0.8701
-1.0017
-1.1928
0.1624
0.7766
-0.1872
-5.478e-02
0.3926
-0.5162
1.5120
-0.5673
-0.6718
7.378e-02
-0.9936
-0.4956
-2.2320
-1.1607
0.9946
0.2811
0.4206
-0.5105
-0.1996
-0.9274
-1.0569
2.1220
-1.0355
-8.978e-02
0.7769
1.5764
-1.3903
1.5355
0.3735
-0.5070
-2.4672
0.2896
1.8864
-2.1281
-0.2708
0.1328
0.4129
0.5004
-0.6415
1.4270
0.5317
-0.6697
-1.2994
-0.9202
1.3502
-0.4587
1.1973
-0.4317
-0.1968
-0.1521
-0.6125
1.2054
-0.8191
1.1029
-0.4361
0.7603
-1.1528
-0.5555
3.574e-02
0.2382
-1.0292
-0.6269
